AALI,2019-11-14,12400,12425,11975,12250,1884700,1024,396400
ABBA,2019-11-14,114,115,108,108,20249700,2140,893800
ABDA,2019-11-14,0,0,0,6975,0,0,0
ABMM,2019-11-14,0,0,0,1520,0,0,0
ACES,2019-11-14,1715,1725,1685,1700,27529100,7119,63500
ACST,2019-11-14,1140,1165,1140,1145,435400,169,423800
ADES,2019-11-14,1085,1085,1060,1060,39300,19,0
ADHI,2019-11-14,1200,1205,1185,1190,3215400,1189,618000
ADMF,2019-11-14,10650,10650,10450,10650,507800,107,-10700
ADMG,2019-11-14,196,197,191,196,716500,84,-522900
ADRO,2019-11-14,1345,1360,1275,1300,95825800,7125,-1854200
AGII,2019-11-14,585,590,585,585,45600,21,0
AGRO,2019-11-14,192,193,188,189,1070300,253,0
AGRS,2019-11-14,188,188,173,181,94400,77,0
AHAP,2019-11-14,61,76,61,68,1984400,269,0
AIMS,2019-11-14,0,0,0,180,0,0,0
AISA,2019-11-14,0,0,0,168,0,0,0
AKKU,2019-11-14,50,50,50,50,21000,22,0
AKPI,2019-11-14,382,400,380,380,7700,9,-5300
AKRA,2019-11-14,3760,3760,3680,3700,5219300,1791,1868400
AKSI,2019-11-14,850,855,825,825,2238500,210,67000
ALDO,2019-11-14,380,380,380,380,10100,5,0
ALKA,2019-11-14,422,500,422,430,23900,21,2800
ALMI,2019-11-14,300,330,240,288,29500,16,0
ALTO,2019-11-14,378,388,374,388,2702100,112,0
AMAG,2019-11-14,306,306,306,306,600,1,0
AMFG,2019-11-14,3400,3490,3360,3450,7600,14,2400
AMIN,2019-11-14,308,308,308,308,2300,5,0
AMRT,2019-11-14,885,885,875,880,271600,69,248900
ANDI,2019-11-14,240,240,200,204,31676800,4600,1663900
ANJT,2019-11-14,875,885,865,885,70600,20,8800
ANTM,2019-11-14,820,830,800,815,49980300,3978,6305200
APEX,2019-11-14,0,0,0,430,0,0,0
APIC,2019-11-14,655,665,655,665,20073800,2235,28200
APII,2019-11-14,182,189,182,185,6200,4,0
APLI,2019-11-14,125,131,120,125,366900,34,0
APLN,2019-11-14,194,195,189,190,4789000,535,462000
APOL,2019-11-14,0,0,0,50,0,0,0
ARGO,2019-11-14,0,0,0,825,0,0,0
ARII,2019-11-14,640,640,640,640,11000,2,0
ARKA,2019-11-14,1630,1635,1625,1625,229000,69,0
ARMY,2019-11-14,75,90,75,90,128461800,5288,7845800
ARNA,2019-11-14,500,500,498,500,28500,33,-1900
ARTA,2019-11-14,418,418,370,370,600,4,0
ARTI,2019-11-14,50,50,50,50,200,2,0
ARTO,2019-11-14,2380,2700,2260,2700,522500,649,1000
ASBI,2019-11-14,304,304,302,302,500,4,0
ASDM,2019-11-14,0,0,0,1040,0,0,0
ASGR,2019-11-14,960,960,950,955,451400,64,172500
ASII,2019-11-14,6675,6700,6550,6575,18695900,4406,3136140
ASJT,2019-11-14,186,191,185,190,236300,55,0
ASMI,2019-11-14,975,980,975,975,55200,18,12300
ASRI,2019-11-14,266,266,252,260,8632700,901,3924900
ASRM,2019-11-14,1940,2000,1825,2000,31000,15,1000
ASSA,2019-11-14,705,715,685,700,5730300,266,0
ATIC,2019-11-14,735,800,735,800,3700,8,0
AUTO,2019-11-14,1260,1265,1240,1245,845400,198,128200
BABP,2019-11-14,50,50,50,50,402800,13,0
BABP-W3,2019-11-14,31,46,31,46,103900,0,0
BACA,2019-11-14,0,0,0,268,0,0,0
BAJA,2019-11-14,74,78,70,72,769900,153,0
BALI,2019-11-14,1275,1275,1275,1275,800,2,0
BAPA,2019-11-14,77,78,75,78,44500,16,0
BAPI,2019-11-14,50,50,50,50,839900,43,0
BATA,2019-11-14,660,670,660,665,1000,7,-900
BAYU,2019-11-14,1570,1570,1570,1570,700,2,0
BBCA,2019-11-14,31325,31400,31050,31350,7572400,6736,1121374
BBHI,2019-11-14,156,160,155,160,23900,9,0
BBKP,2019-11-14,254,254,250,250,1824500,195,1046500
BBLD,2019-11-14,0,0,0,426,0,0,0
BBMD,2019-11-14,0,0,0,2390,0,0,0
BBNI,2019-11-14,7375,7425,7175,7300,29587800,6160,-1182200
BBRI,2019-11-14,3950,3970,3900,3940,118066000,13773,15095420
BBRM,2019-11-14,50,50,50,50,1100,2,0
BBTN,2019-11-14,1840,1850,1820,1835,6278400,1650,1422000
BBYB,2019-11-14,282,286,250,282,75000,24,-55000
BCAP,2019-11-14,143,143,136,142,855800,141,-528700
BCIC,2019-11-14,0,0,0,450,0,0,0
BCIP,2019-11-14,82,83,80,80,849300,24,0
BDMN,2019-11-14,4140,4140,4030,4080,1673300,1094,902000
BEEF,2019-11-14,340,352,338,350,7276500,572,37600
BEKS,2019-11-14,50,50,50,50,5200,12,0
BELL,2019-11-14,520,520,520,520,58800,20,0
BEST,2019-11-14,236,244,228,230,22600800,1237,5963200
BFIN,2019-11-14,595,600,590,595,166700,17,104400
BGTG,2019-11-14,65,66,65,66,1206500,74,0
BHIT,2019-11-14,71,71,69,70,14904500,11687,-150500
BIKA,2019-11-14,0,0,0,200,0,0,0
BIMA,2019-11-14,50,50,50,50,17700,4,0
BINA,2019-11-14,0,0,0,845,0,0,0
BIPI,2019-11-14,50,50,50,50,9800,8,0
BIPP,2019-11-14,70,76,70,76,401200,5,0
BIRD,2019-11-14,2080,2080,2000,2020,1216200,428,-228500
BISI,2019-11-14,1115,1115,1100,1115,218200,45,150000
BJBR,2019-11-14,1595,1595,1550,1565,454600,289,53900
BJTM,2019-11-14,700,705,700,700,3522000,395,-3050800
BKDP,2019-11-14,57,57,55,57,10600,8,0
BKSL,2019-11-14,106,108,104,105,17076600,480,1421300
BKSW,2019-11-14,150,157,150,157,26200,10,100
BLTA,2019-11-14,50,50,50,50,1300,4,800
BLTZ,2019-11-14,3150,3150,3150,3150,100,1,-100
BLUE,2019-11-14,498,498,492,498,14200,12,0
BMAS,2019-11-14,0,0,0,314,0,0,0
BMRI,2019-11-14,6875,6900,6700,6875,33349300,7589,-1802240
BMSR,2019-11-14,186,187,137,166,3212800,1093,0
BMTR,2019-11-14,396,402,380,388,20575100,1338,-7322300
BNBA,2019-11-14,322,326,316,324,294600,38,0
BNBR,2019-11-14,50,50,50,50,10200,2,0
BNGA,2019-11-14,950,950,935,945,2887000,439,97000
BNII,2019-11-14,216,218,212,214,160600,30,-50000
BNLI,2019-11-14,1230,1250,1215,1230,18997200,1410,-878800
BOGA,2019-11-14,795,800,790,800,6071700,955,143500
BOLA,2019-11-14,358,360,354,360,23200,21,0
BOLT,2019-11-14,830,830,825,830,114600,148,0
BORN,2019-11-14,0,0,0,50,0,0,0
BOSS,2019-11-14,180,240,179,240,42009000,5649,79000
BPFI,2019-11-14,0,0,0,1240,0,0,0
BPII,2019-11-14,0,0,0,10000,0,0,0
BPTR,2019-11-14,96,96,94,96,247200,43,0
BRAM,2019-11-14,9700,11725,9700,11725,200,2,0
BRIS,2019-11-14,376,376,368,370,7863300,662,77500
BRMS,2019-11-14,56,57,55,56,193064600,1202,400000
BRNA,2019-11-14,0,0,0,1095,0,0,0
BRPT,2019-11-14,1030,1050,1010,1025,72508800,5326,8201000
BSDE,2019-11-14,1400,1400,1360,1380,6119700,2032,-241700
BSIM,2019-11-14,540,540,515,530,2900,7,0
BSIM-W3,2019-11-14,43,43,38,40,6900,0,0
BSSR,2019-11-14,1815,1850,1815,1850,600,3,0
BSWD,2019-11-14,0,0,0,1750,0,0,0
BTEK,2019-11-14,57,57,50,53,23564000,1004,1462300
BTEL,2019-11-14,0,0,0,50,0,0,0
BTON,2019-11-14,210,212,200,200,64600,20,0
BTPN,2019-11-14,3190,3190,3140,3190,5900,28,0
BTPS,2019-11-14,4000,4050,3860,3880,6594300,3149,1162700
BUDI,2019-11-14,100,101,100,100,683700,15,0
BUKK,2019-11-14,1725,1725,1725,1725,1000,1,0
BULL,2019-11-14,183,183,176,178,27715200,116,157800
BUMI,2019-11-14,79,79,76,77,141472300,2658,13037900
BUVA,2019-11-14,77,80,77,80,357800,9,0
BVIC,2019-11-14,160,169,160,160,161200,14,-600
BWPT,2019-11-14,113,114,109,109,25547200,813,3180500
BYAN,2019-11-14,13000,13000,12100,12100,2700,5,1300
CAKK,2019-11-14,82,84,78,80,1777500,199,0
CAMP,2019-11-14,380,382,370,374,319100,233,0
CANI,2019-11-14,180,180,158,180,8100,10,0
CARS,2019-11-14,212,212,200,212,4836100,270,0
CASA,2019-11-14,370,370,366,370,10114400,596,57600
CASS,2019-11-14,0,0,0,625,0,0,0
CCSI,2019-11-14,258,260,250,254,2205500,312,0
CEKA,2019-11-14,1590,1600,1560,1590,34900,39,0
CENT,2019-11-14,66,67,65,66,687200,52,0
CFIN,2019-11-14,278,278,262,268,2104400,137,619600
CINT,2019-11-14,244,250,240,250,76900,38,0
CITA,2019-11-14,0,0,0,1930,0,0,0
CITY,2019-11-14,180,180,170,180,10800,6,0
CKRA,2019-11-14,0,0,0,76,0,0,0
CLAY,2019-11-14,4440,4450,4200,4420,633900,138,31000
CLEO,2019-11-14,530,535,525,525,8188700,647,36400
CLPI,2019-11-14,765,770,760,760,91900,31,7800
CMNP,2019-11-14,1925,1925,1925,1925,100,1,-100
CMPP,2019-11-14,0,0,0,184,0,0,0
CNKO,2019-11-14,50,50,50,50,100,1,0
CNTB,2019-11-14,0,0,0,250,0,0,0
CNTX,2019-11-14,0,0,0,386,0,0,0
COCO,2019-11-14,900,900,890,900,2030100,255,115900
COWL,2019-11-14,180,180,180,180,8000,1,0
CPIN,2019-11-14,6925,7000,6725,6900,4417500,2777,-311650
CPRI,2019-11-14,55,57,52,53,14599700,899,0
CPRO,2019-11-14,50,50,50,50,200,1,0
CSAP,2019-11-14,448,448,448,448,207800,19,0
CSIS,2019-11-14,97,98,92,98,555700,79,0
CTBN,2019-11-14,0,0,0,3230,0,0,0
CTRA,2019-11-14,1045,1065,1015,1025,13875800,2324,-601600
CTTH,2019-11-14,65,70,65,68,3292700,63,2986400
DART,2019-11-14,302,330,302,330,2700,4,0
DAYA,2019-11-14,290,300,288,298,1700,10,100
DEAL,2019-11-14,1465,1490,1150,1150,20959900,2413,995400
DEFI,2019-11-14,0,0,0,1780,0,0,0
DEWA,2019-11-14,50,50,50,50,300,3,0
DFAM,2019-11-14,468,470,350,402,2991100,845,-481500
DGIK,2019-11-14,50,50,50,50,1100,2,0
DIGI,2019-11-14,0,0,0,1700,0,0,0
DILD,2019-11-14,340,348,322,340,506100,71,-500
DIVA,2019-11-14,3660,3660,3640,3650,1159400,37,8200
DKFT,2019-11-14,189,191,175,176,20289700,1904,-20000
DLTA,2019-11-14,6700,6700,6700,6700,200,2,0
DMAS,2019-11-14,342,356,324,326,82642900,3792,5914300
DMMX,2019-11-14,264,266,258,264,20118300,513,-13250700
DNAR,2019-11-14,280,280,264,264,1300,8,0
DNET,2019-11-14,3070,3070,3070,3070,3000,2,0
DOID,2019-11-14,318,318,310,312,8965000,451,2390900
DPNS,2019-11-14,0,0,0,260,0,0,0
DPUM,2019-11-14,109,109,109,109,3700,5,0
DSFI,2019-11-14,107,107,106,107,207400,18,0
DSNG,2019-11-14,418,418,414,418,306200,23,-42300
DSSA,2019-11-14,16500,16750,16500,16750,200,2,0
DUCK,2019-11-14,1600,1705,1530,1705,349500,191,-92300
DUTI,2019-11-14,4970,4970,4970,4970,100,1,0
DVLA,2019-11-14,2160,2240,2160,2240,500,3,0
DWGL,2019-11-14,300,300,290,290,265600,30,-6700
DYAN,2019-11-14,131,135,129,131,10575400,92,0
EAST,2019-11-14,119,121,112,114,19841400,1880,-1530000
ECII,2019-11-14,1050,1050,955,955,265500,35,180500
EKAD,2019-11-14,950,960,930,945,227900,91,71000
ELSA,2019-11-14,312,316,308,312,11241300,755,55600
ELTY,2019-11-14,0,0,0,50,0,0,0
EMDE,2019-11-14,212,212,200,208,104100,6,0
EMTK,2019-11-14,5500,5500,5500,5500,200,2,0
ENRG,2019-11-14,55,56,54,55,20379300,184,24000
ENVY,2019-11-14,2770,2820,2680,2750,23294000,2448,-144800
EPMT,2019-11-14,1905,1905,1900,1900,3000,2,0
ERAA,2019-11-14,1615,1620,1565,1595,13541600,3324,-632300
ERTX,2019-11-14,0,0,0,140,0,0,0
ESIP,2019-11-14,276,276,276,276,5300,10,0
ESSA,2019-11-14,282,290,280,290,1166800,226,98700
ESTI,2019-11-14,83,88,82,84,822000,808,0
ETWA,2019-11-14,72,90,72,81,2537400,393,0
EXCL,2019-11-14,3490,3530,3440,3480,22803200,5823,-4547800
FAST,2019-11-14,2800,2900,2800,2890,3400,8,-2500
FASW,2019-11-14,7475,7475,7450,7450,13600,6,0
FILM,2019-11-14,204,206,190,197,5942700,667,-12400
FINN,2019-11-14,0,0,0,50,0,0,0
FIRE,2019-11-14,1300,1310,1230,1290,17179800,271,69700
FISH,2019-11-14,0,0,0,2700,0,0,0
FITT,2019-11-14,98,98,95,95,3149200,66,0
FMII,2019-11-14,0,0,0,500,0,0,0
FOOD,2019-11-14,107,113,107,108,432500,88,0
FORU,2019-11-14,0,0,0,110,0,0,0
FORZ,2019-11-14,300,372,300,326,1025200,396,-208300
FPNI,2019-11-14,123,125,121,125,400100,57,0
FREN,2019-11-14,145,152,144,148,102086000,4290,-22688900
FUJI,2019-11-14,102,105,102,105,323400,38,0
GAMA,2019-11-14,50,50,50,50,1100,2,0
GDST,2019-11-14,79,81,75,78,809900,102,0
GDYR,2019-11-14,0,0,0,1985,0,0,0
GEMA,2019-11-14,0,0,0,370,0,0,0
GEMS,2019-11-14,0,0,0,2550,0,0,0
GGRM,2019-11-14,54525,54875,53350,54000,989000,3577,188300
GGRP,2019-11-14,510,540,505,515,14800,21,0
GHON,2019-11-14,0,0,0,1400,0,0,0
GIAA,2019-11-14,580,585,555,555,15844200,1881,-3289500
GJTL,2019-11-14,610,610,600,605,1010300,109,-600
GLOB,2019-11-14,424,466,420,448,12700,19,0
GMFI,2019-11-14,170,171,163,166,3780100,676,-67200
GMTD,2019-11-14,17375,17375,17375,17375,1000,1,1000
GOLD,2019-11-14,226,226,224,224,600,2,-300
GOLL,2019-11-14,0,0,0,50,0,0,0
GOOD,2019-11-14,1530,1535,1520,1530,249700,114,0
GPRA,2019-11-14,89,90,84,86,3118100,157,0
GREN,2019-11-14,0,0,0,328,0,0,0
GSMF,2019-11-14,105,105,105,105,200,1,0
GTBO,2019-11-14,152,161,151,161,5500,6,0
GWSA,2019-11-14,161,161,161,161,1600,2,0
GZCO,2019-11-14,50,50,50,50,100,1,0
HADE,2019-11-14,0,0,0,50,0,0,0
HDFA,2019-11-14,0,0,0,156,0,0,0
HDIT,2019-11-14,750,750,750,750,2400,5,0
HDTX,2019-11-14,0,0,0,120,0,0,0
HEAL,2019-11-14,3720,3740,3720,3720,147900,82,-95800
HELI,2019-11-14,147,148,147,148,37500,4,0
HERO,2019-11-14,800,800,800,800,100,1,0
HEXA,2019-11-14,3450,3490,3420,3420,17100,17,0
HITS,2019-11-14,630,630,630,630,5100,1,0
HKMU,2019-11-14,318,320,312,318,14414800,277,0
HMSP,2019-11-14,2120,2120,2070,2090,17717300,3158,-2479000
HOKI,2019-11-14,945,950,930,935,27730400,686,514800
HOME,2019-11-14,50,53,50,50,499626000,4729,-2666400
HOTL,2019-11-14,155,156,152,156,7559400,131,0
HRME,2019-11-14,1015,1040,1010,1015,19878000,1752,0
HRTA,2019-11-14,290,294,286,292,35000,29,1400
HRUM,2019-11-14,1365,1365,1330,1365,209200,85,1300
IATA,2019-11-14,50,50,50,50,6000,1,180000000
IBFN,2019-11-14,276,276,276,276,2000,3,0
IBST,2019-11-14,8300,8300,8300,8300,500,1,-500
ICBP,2019-11-14,11475,11500,11325,11400,13000400,3052,-5186600
ICON,2019-11-14,99,99,99,99,64900,3,0
IDPR,2019-11-14,332,332,332,332,100,1,0
IGAR,2019-11-14,344,344,332,342,2800,6,0
IIKP,2019-11-14,50,50,50,50,205100,5,0
IKAI,2019-11-14,138,141,133,141,6677000,228,72300
IKBI,2019-11-14,280,280,266,266,7700,2,-6800
IMAS,2019-11-14,1255,1255,1205,1245,299300,196,15900
IMJS,2019-11-14,290,290,276,280,959600,151,80000
IMPC,2019-11-14,1030,1030,1025,1030,441800,38,0
INAF,2019-11-14,995,1010,995,995,102100,78,3000
INAI,2019-11-14,426,426,414,416,8200,17,0
INCF,2019-11-14,55,55,51,51,4486500,234,380000
INCI,2019-11-14,414,420,406,420,23000,9,8500
INCO,2019-11-14,3440,3460,3340,3360,10056400,2238,1404000
INDF,2019-11-14,7800,7800,7625,7700,5521600,2882,-687300
INDR,2019-11-14,3390,3390,3370,3370,77200,33,-71500
INDS,2019-11-14,2510,2520,2480,2480,51600,43,-9100
INDX,2019-11-14,64,64,63,64,7700,11,0
INDY,2019-11-14,1300,1305,1245,1250,13505900,1584,1139700
INKP,2019-11-14,8275,8275,7900,7925,7209500,4471,-306200
INOV,2019-11-14,420,422,414,418,5114300,594,0
INPC,2019-11-14,67,67,65,66,825200,124,-10000
INPP,2019-11-14,760,820,760,820,5100,10,0
INPS,2019-11-14,6000,6000,6000,6000,200,1,0
INRU,2019-11-14,0,0,0,825,0,0,0
INTA,2019-11-14,464,468,464,468,26300,8,0
INTD,2019-11-14,0,0,0,460,0,0,0
INTP,2019-11-14,20000,20150,19275,19675,1712100,2325,715600
IPCC,2019-11-14,750,750,715,725,325100,75,0
IPCM,2019-11-14,190,198,188,197,17100,35,800
IPOL,2019-11-14,103,103,96,102,190000,30,0
IPTV,2019-11-14,505,505,494,496,12218700,5594,22715700
IRRA,2019-11-14,695,710,565,590,33765000,5672,1000000
ISAT,2019-11-14,3310,3380,3250,3310,4802700,3081,-734400
ISSP,2019-11-14,200,204,192,194,17402400,1100,1057600
ITIC,2019-11-14,1165,1175,1065,1145,14993700,2040,0
ITMA,2019-11-14,600,640,595,610,26900,18,0
ITMG,2019-11-14,12450,12675,12250,12350,1623300,3399,154343
ITTG,2019-11-14,0,0,0,82,0,0,0
JAST,2019-11-14,2170,2270,2160,2240,7090100,1294,2000000
JAWA,2019-11-14,120,130,118,123,330400,10,0
JAYA,2019-11-14,90,90,87,87,607900,63,-25900
JECC,2019-11-14,0,0,0,6175,0,0,0
JGLE,2019-11-14,50,50,50,50,200,2,0
JIHD,2019-11-14,570,595,570,595,21500,11,0
JKON,2019-11-14,0,0,0,500,0,0,0
JKSW,2019-11-14,0,0,0,60,0,0,0
JMAS,2019-11-14,0,0,0,875,0,0,0
JPFA,2019-11-14,1670,1690,1620,1650,11798100,2970,-1665300
JRPT,2019-11-14,580,590,575,590,5711400,345,925400
JSKY,2019-11-14,770,770,725,730,55429200,1864,-477600
JSMR,2019-11-14,5025,5050,4900,4900,6158200,3481,3478600
JSPT,2019-11-14,0,0,0,895,0,0,0
JTPE,2019-11-14,975,975,975,975,122400,7,0
KAEF,2019-11-14,2280,2280,2230,2260,49500,116,-1700
KARW,2019-11-14,75,92,75,77,4140100,745,0
KAYU,2019-11-14,109,116,99,100,49966300,2125,0
KBLI,2019-11-14,570,580,555,570,4242700,653,2100
KBLM,2019-11-14,316,320,296,310,73800,44,0
KBLV,2019-11-14,410,410,410,410,100,1,0
KBRI,2019-11-14,0,0,0,50,0,0,0
KDSI,2019-11-14,1220,1250,1190,1190,6400,7,0
KEEN,2019-11-14,635,645,625,630,6732300,2058,499000
KIAS,2019-11-14,85,85,81,85,677900,56,264600
KICI,2019-11-14,0,0,0,340,0,0,0
KIJA,2019-11-14,322,322,318,320,3442200,1220,551500
KINO,2019-11-14,3800,3820,3780,3800,980100,199,180000
KIOS,2019-11-14,330,354,330,354,1000,3,0
KJEN,2019-11-14,1995,2000,1990,2000,181600,68,0
KKGI,2019-11-14,240,240,232,232,19600,11,0
KLBF,2019-11-14,1510,1530,1505,1510,15455400,2297,-920100
KMTR,2019-11-14,318,332,310,316,49900,14,-11400
KOBX,2019-11-14,135,135,123,130,85500,61,0
KOIN,2019-11-14,152,152,152,152,200,1,0
KONI,2019-11-14,0,0,0,650,0,0,0
KOPI,2019-11-14,625,625,615,625,44400,39,0
KOTA,2019-11-14,605,625,605,620,14416500,183,-4500
KPAL,2019-11-14,580,630,540,595,2938300,527,-108300
KPAS,2019-11-14,71,82,71,79,1543100,123,0
KPIG,2019-11-14,130,131,124,128,3469700,389,123178600
KRAH,2019-11-14,1125,1140,1080,1090,715200,317,0
KRAS,2019-11-14,310,310,300,306,8021400,434,583300
KREN,2019-11-14,515,520,510,515,58348700,374,2773500
LAND,2019-11-14,0,0,0,1340,0,0,0
LAPD,2019-11-14,0,0,0,50,0,0,0
LCGP,2019-11-14,0,0,0,114,0,0,0
LCKM,2019-11-14,326,326,326,326,6800,4,-1600
LEAD,2019-11-14,50,50,50,50,58700,7,0
LIFE,2019-11-14,4570,4570,4500,4500,5900,8,-2400
LINK,2019-11-14,4430,4430,4360,4400,697700,108,45700
LION,2019-11-14,520,520,520,520,100,1,0
LMAS,2019-11-14,51,52,50,51,835100,74,0
LMPI,2019-11-14,122,132,115,123,59000,22,0
LMSH,2019-11-14,0,0,0,368,0,0,0
LPCK,2019-11-14,1245,1255,1220,1220,634000,436,321800
LPGI,2019-11-14,3300,3300,3000,3000,5000,3,0
LPIN,2019-11-14,268,280,260,262,77600,11,0
LPKR,2019-11-14,254,256,250,254,81951000,1497,8774400
LPLI,2019-11-14,115,115,108,108,19800,11,-17300
LPPF,2019-11-14,3660,3680,3570,3600,2734900,1655,1310500
LPPS,2019-11-14,87,88,86,88,27300,10,0
LRNA,2019-11-14,139,139,137,138,15000,12,0
LSIP,2019-11-14,1325,1325,1275,1315,17954100,1840,1659300
LTLS,2019-11-14,655,655,640,650,6400,5,0
LUCK,2019-11-14,580,615,535,540,1271300,861,49100
MABA,2019-11-14,50,50,50,50,4800,8,0
MAGP,2019-11-14,50,50,50,50,100,1,0
MAIN,2019-11-14,1100,1100,1035,1065,3322400,758,206800
MAMI,2019-11-14,242,246,240,242,403022700,32206,3264900
MAMIP,2019-11-14,0,0,0,600,0,0,0
MAPA,2019-11-14,5175,5350,5175,5300,39100,41,2012700
MAPB,2019-11-14,1750,1750,1750,1750,300,1,0
MAPI,2019-11-14,1090,1090,1040,1040,5377900,1454,-26109500
MARI,2019-11-14,199,202,193,195,92500,32,0
MARK,2019-11-14,482,486,482,486,1646400,237,-500
MASA,2019-11-14,458,458,452,452,200,2,0
MAYA,2019-11-14,7200,7500,7200,7500,2600,9,0
MBAP,2019-11-14,2030,2100,1930,1990,16100,42,0
MBSS,2019-11-14,498,505,494,496,657600,117,28000
MBTO,2019-11-14,108,108,108,108,100,1,0
MCAS,2019-11-14,3140,3190,3140,3160,1421100,192,-1100
MCOR,2019-11-14,135,136,132,132,1148300,97,-12100
MDIA,2019-11-14,74,75,71,71,22465600,48,0
MDKA,2019-11-14,1035,1090,1030,1080,64470800,6123,5903300
MDKI,2019-11-14,200,204,200,204,36900,17,0
MDLN,2019-11-14,220,222,214,218,4124700,167,-1316600
MDRN,2019-11-14,0,0,0,50,0,0,0
MEDC,2019-11-14,650,650,635,640,8562700,826,-501500
MEGA,2019-11-14,0,0,0,5950,0,0,0
MERK,2019-11-14,2900,2980,2900,2920,15200,35,0
META,2019-11-14,189,193,188,193,210800,38,0
MFIN,2019-11-14,0,0,0,1285,0,0,0
MFMI,2019-11-14,446,478,446,478,400,4,0
MGNA,2019-11-14,50,50,50,50,100,1,0
MGRO,2019-11-14,895,900,890,890,3727600,477,0
MICE,2019-11-14,342,344,342,344,36000,3,0
MIDI,2019-11-14,0,0,0,1100,0,0,0
MIKA,2019-11-14,2680,2730,2650,2660,16157000,1844,-6606300
MINA,2019-11-14,1430,1430,1400,1425,53700,26,25900
MIRA,2019-11-14,50,50,50,50,20000,1,0
MITI,2019-11-14,0,0,0,51,0,0,0
MKNT,2019-11-14,50,51,50,50,22190200,769,0
MKPI,2019-11-14,0,0,0,13500,0,0,0
MLBI,2019-11-14,16800,16800,16800,16800,22300,9,-700
MLIA,2019-11-14,1175,1175,1165,1170,3693600,1011,0
MLPL,2019-11-14,75,76,74,74,4055300,194,990300
MLPT,2019-11-14,690,690,530,575,4400,9,600
MMLP,2019-11-14,324,330,320,322,188600,20,0
MNCN,2019-11-14,1450,1465,1365,1405,33465400,11911,2379700
MOLI,2019-11-14,785,785,785,785,11100,2,0
MPMX,2019-11-14,700,700,685,695,335300,192,0
MPOW,2019-11-14,135,182,135,182,1295300,174,0
MPPA,2019-11-14,154,158,152,153,2537700,257,800000
MPRO,2019-11-14,0,0,0,2780,0,0,0
MRAT,2019-11-14,154,160,154,160,2000,9,0
MREI,2019-11-14,5550,5550,5550,5550,100,1,0
MSIN,2019-11-14,464,470,460,466,5275200,2733,-508700
MSKY,2019-11-14,945,945,945,945,2000,6,2000
MTDL,2019-11-14,1780,1790,1715,1750,8741100,1277,-173100
MTFN,2019-11-14,50,50,50,50,100,1,0
MTLA,2019-11-14,468,488,468,488,126700,6,101000
MTPS,2019-11-14,1370,1600,1255,1430,2173900,945,11400
MTRA,2019-11-14,338,338,338,338,14700,12,0
MTSM,2019-11-14,0,0,0,224,0,0,0
MTWI,2019-11-14,62,78,62,68,8108400,1110,0
MYOH,2019-11-14,1290,1300,1255,1300,208200,53,57500
MYOR,2019-11-14,2160,2170,2120,2170,1086500,726,-33300
MYRX,2019-11-14,50,65,50,61,1291272000,14315,121468200
MYRXP,2019-11-14,50,50,50,50,200000,3,0
MYTX,2019-11-14,60,60,60,60,69800,5,0
NASA,2019-11-14,690,690,680,685,4832100,553,43900
NATO,2019-11-14,685,690,670,685,13185000,1252,-131200
NELY,2019-11-14,150,150,140,140,20500,12,0
NFCX,2019-11-14,3060,3060,3020,3030,472100,66,0
NICK,2019-11-14,240,278,234,276,3100,6,0
NIKL,2019-11-14,900,915,875,875,137500,95,-8600
NIPS,2019-11-14,0,0,0,282,0,0,0
NIRO,2019-11-14,139,140,139,139,1365500,11,0
NISP,2019-11-14,830,835,830,835,2900,5,0
NOBU,2019-11-14,0,0,0,850,0,0,0
NRCA,2019-11-14,380,380,376,376,84500,30,0
NUSA,2019-11-14,50,57,50,50,284759100,3669,-655200
NZIA,2019-11-14,1030,1060,980,1015,305500,179,13700
OASA,2019-11-14,0,0,0,330,0,0,0
OCAP,2019-11-14,276,276,276,276,100,1,0
OKAS,2019-11-14,185,212,168,199,155800,104,0
OMRE,2019-11-14,1020,1220,1020,1190,1700,5,0
OPMS,2019-11-14,128,132,123,130,12390400,914,0
PADI,2019-11-14,490,500,490,494,178500,44,0
PALM,2019-11-14,250,250,230,230,1200,5,1100
PAMG,2019-11-14,116,128,116,122,796100,157,0
PANI,2019-11-14,109,115,109,112,17700,7,0
PANR,2019-11-14,340,340,338,340,1614100,139,0
PANS,2019-11-14,1485,1485,1480,1485,700,4,0
PBID,2019-11-14,1020,1020,995,1020,124400,23,0
PBRX,2019-11-14,710,725,700,725,486800,83,291600
PBSA,2019-11-14,0,0,0,402,0,0,0
PCAR,2019-11-14,1800,1800,1550,1605,4700,29,4000
PDES,2019-11-14,0,0,0,840,0,0,0
PEGE,2019-11-14,222,222,222,222,200,1,0
PEHA,2019-11-14,1155,1155,1105,1130,37300,30,-19800
PGAS,2019-11-14,1990,2000,1950,1965,28756900,4562,118100
PGLI,2019-11-14,145,160,140,160,121200,58,0
PICO,2019-11-14,3510,3800,3510,3530,1468100,275,1800
PJAA,2019-11-14,1120,1120,1120,1120,300,3,200
PKPK,2019-11-14,70,82,70,75,2331400,371,0
PLAS,2019-11-14,0,0,0,50,0,0,0
PLIN,2019-11-14,3350,3350,3350,3350,100,1,0
PNBN,2019-11-14,1290,1295,1265,1290,1216400,339,201900
PNBS,2019-11-14,50,50,50,50,23400,14,0
PNIN,2019-11-14,1135,1135,1125,1125,90700,27,0
PNLF,2019-11-14,284,286,280,280,9523300,419,-976000
PNSE,2019-11-14,0,0,0,450,0,0,0
POLA,2019-11-14,900,900,900,900,200,1,0
POLI,2019-11-14,1685,1685,1620,1675,1400,10,0
POLL,2019-11-14,8200,8225,8150,8150,375800,1052,8800
POLU,2019-11-14,1850,1900,1850,1900,300,3,0
POLY,2019-11-14,55,62,55,59,1383600,164,0
POOL,2019-11-14,1205,1225,1180,1180,53809800,274,7200
PORT,2019-11-14,414,414,414,414,100,1,0
POSA,2019-11-14,65,77,64,71,124417400,5260,162400
POWR,2019-11-14,1055,1070,1055,1070,561300,57,-212800
PPRE,2019-11-14,248,252,246,252,9471400,2641,170800
PPRO,2019-11-14,96,96,93,94,24028700,1097,4010000
PRAS,2019-11-14,0,0,0,162,0,0,0
PRDA,2019-11-14,4050,4050,3950,4050,27000,27,-9800
PRIM,2019-11-14,310,310,290,290,700,2,0
PSAB,2019-11-14,266,272,256,264,62934300,4873,484700
PSDN,2019-11-14,152,153,152,153,700,2,0
PSKT,2019-11-14,50,50,50,50,100,1,0
PSSI,2019-11-14,172,172,167,170,337700,32,0
PTBA,2019-11-14,2550,2560,2400,2460,49560800,6640,6507800
PTIS,2019-11-14,0,0,0,252,0,0,0
PTPP,2019-11-14,1565,1580,1550,1570,10057900,2119,60400
PTRO,2019-11-14,1685,1700,1615,1675,1057700,419,0
PTSN,2019-11-14,318,318,304,310,598900,104,-14700
PTSP,2019-11-14,0,0,0,4550,0,0,0
PUDP,2019-11-14,0,0,0,346,0,0,0
PURE,2019-11-14,1200,1240,1130,1130,56205500,2988,4900
PWON,2019-11-14,585,590,565,565,45413600,2586,-1700208
PYFA,2019-11-14,0,0,0,202,0,0,0
PZZA,2019-11-14,1150,1150,1140,1150,643700,80,-535700
R-ABFII,2019-11-14,0,0,0,28600,0,0,0
RAJA,2019-11-14,214,214,206,212,1499900,196,0
RALS,2019-11-14,1160,1160,1050,1120,11548700,2956,11855668
RANC,2019-11-14,0,0,0,342,0,0,0
RBMS,2019-11-14,81,89,81,85,2030500,226,0
RDTX,2019-11-14,5775,5775,5775,5775,1000,3,0
RELI,2019-11-14,178,189,170,170,2300,7,0
RICY,2019-11-14,155,160,155,160,1200,12,600
RIGS,2019-11-14,242,242,232,232,133700,10,0
RIMO,2019-11-14,50,67,50,67,441629900,9365,39712200
RISE,2019-11-14,640,645,635,645,1070200,108,0
RMBA,2019-11-14,348,348,348,348,4200,2,0
RODA,2019-11-14,184,184,176,178,16400,15,0
ROTI,2019-11-14,1325,1330,1300,1325,132900,92,81500
RUIS,2019-11-14,0,0,0,250,0,0,0
SAFE,2019-11-14,198,199,198,198,452000,68,0
SAME,2019-11-14,272,274,242,274,232500,30,0
SAPX,2019-11-14,0,0,0,850,0,0,0
SATU,2019-11-14,85,90,85,88,84000,24,0
SCBD,2019-11-14,0,0,0,2700,0,0,0
SCCO,2019-11-14,0,0,0,9300,0,0,0
SCMA,2019-11-14,1315,1335,1255,1320,39691000,9118,7789800
SCPI,2019-11-14,0,0,0,29000,0,0,0
SDMU,2019-11-14,50,50,50,50,200,2,0
SDPC,2019-11-14,95,100,95,100,200,2,0
SDRA,2019-11-14,0,0,0,780,0,0,0
SFAN,2019-11-14,995,1000,995,1000,256800,10,0
SGRO,2019-11-14,2500,2520,2500,2520,76300,42,-76000
SHID,2019-11-14,0,0,0,3300,0,0,0
SHIP,2019-11-14,800,810,800,800,1051400,145,0
SIDO,2019-11-14,1210,1220,1185,1195,3477400,642,-4971700
SILO,2019-11-14,7100,7150,6900,6925,67000,184,15500
SIMA,2019-11-14,55,60,52,53,10515700,702,0
SIMP,2019-11-14,368,370,358,366,17977800,963,3858800
SINI,2019-11-14,476,476,476,476,126500,390,0
SIPD,2019-11-14,1090,1090,1090,1090,500,1,0
SKBM,2019-11-14,374,380,374,380,2100,2,0
SKLT,2019-11-14,0,0,0,1610,0,0,0
SKRN,2019-11-14,565,585,560,560,610100,72,0
SKYB,2019-11-14,90,105,79,89,28318700,2833,0
SLIS,2019-11-14,0,0,0,5350,0,0,0
SMAR,2019-11-14,3850,3850,3850,3850,4000,2,0
SMBR,2019-11-14,520,535,510,515,3734400,616,-274600
SMCB,2019-11-14,1310,1310,1310,1310,10100,3,0
SMDM,2019-11-14,122,134,122,134,800,3,0
SMDR,2019-11-14,264,264,260,264,120000,38,0
SMGR,2019-11-14,12500,12600,12325,12600,2828200,1867,289500
SMKL,2019-11-14,216,222,216,218,59000,47,0
SMMA,2019-11-14,12550,13000,12550,13000,300,3,-417200
SMMT,2019-11-14,120,122,115,120,2009200,23,0
SMRA,2019-11-14,1125,1135,1085,1090,5316000,822,-3811700
SMRU,2019-11-14,50,50,50,50,20700,2,0
SMSM,2019-11-14,1410,1415,1395,1400,3657600,1461,-59800
SOCI,2019-11-14,204,204,195,196,10991800,851,-22000
SONA,2019-11-14,0,0,0,6100,0,0,0
SOSS,2019-11-14,0,0,0,406,0,0,0
SOTS,2019-11-14,0,0,0,260,0,0,0
SPMA,2019-11-14,340,344,338,340,8100,16,0
SPTO,2019-11-14,980,980,970,975,2693100,174,-1598500
SQMI,2019-11-14,525,525,486,496,30229200,1554,-60500
SRAJ,2019-11-14,278,278,256,258,3500,6,-500
SRIL,2019-11-14,276,278,272,272,7406200,636,1337400
SRSN,2019-11-14,68,68,67,68,58800,16,0
SRTG,2019-11-14,3780,3780,3710,3770,9400,24,0
SSIA,2019-11-14,715,715,685,690,23249300,1497,-649600
SSMS,2019-11-14,820,850,815,845,3233400,983,448100
SSTM,2019-11-14,0,0,0,480,0,0,0
STAR,2019-11-14,99,99,97,97,63300,6,0
STTP,2019-11-14,0,0,0,4200,0,0,0
SUGI,2019-11-14,0,0,0,50,0,0,0
SULI,2019-11-14,50,50,50,50,2003000,10,0
SUPR,2019-11-14,0,0,0,3160,0,0,0
SURE,2019-11-14,0,0,0,2980,0,0,0
SWAT,2019-11-14,106,112,105,109,9683700,2908,-7900
TALF,2019-11-14,0,0,0,378,0,0,0
TAMU,2019-11-14,498,500,466,480,5678200,1128,651600
TARA,2019-11-14,730,735,720,725,87300000,5231,1013200
TAXI,2019-11-14,50,50,50,50,5100,2,0
TBIG,2019-11-14,1110,1155,1040,1140,41861600,4362,1674400
TBLA,2019-11-14,910,915,880,890,4621700,689,-111800
TBMS,2019-11-14,0,0,0,830,0,0,0
TCID,2019-11-14,11500,11500,11500,11500,20500,2,0
TCPI,2019-11-14,4650,4780,4450,4490,5584800,6564,4000
TDPM,2019-11-14,234,236,226,230,17017200,270,0
TELE,2019-11-14,280,302,280,292,10895500,1134,-1339300
TFAS,2019-11-14,180,182,172,172,3711000,411,0
TFCO,2019-11-14,0,0,0,454,0,0,0
TGKA,2019-11-14,4800,4800,4750,4750,11200,8,0
TGRA,2019-11-14,310,310,236,250,18246700,3602,-2122900
TIFA,2019-11-14,173,173,173,173,10000,2,0
TINS,2019-11-14,800,805,780,785,14260200,2241,-304700
TIRA,2019-11-14,248,248,208,208,300,2,0
TIRT,2019-11-14,57,57,55,55,22700,16,0
TKIM,2019-11-14,12325,12325,11425,11750,1094200,1744,92000
TLKM,2019-11-14,4110,4130,4010,4050,123468500,9692,19849200
TMAS,2019-11-14,115,116,112,114,2907900,289,-257200
TMPO,2019-11-14,156,156,156,156,100,1,0
TNCA,2019-11-14,274,300,264,270,106400,16,0
TOBA,2019-11-14,362,370,362,370,21000,7,0
TOPS,2019-11-14,565,575,530,575,7368600,358,-2456200
TOTL,2019-11-14,418,424,418,424,457800,127,-75200
TOTO,2019-11-14,300,310,296,300,1486300,66,0
TOWR,2019-11-14,665,665,650,660,21038000,3777,-495600
TPIA,2019-11-14,9675,9850,9600,9650,12235800,2830,164400
TPMA,2019-11-14,260,260,250,250,3900,4,0
TRAM,2019-11-14,57,60,55,58,220618700,2121,17320500
TRIL,2019-11-14,0,0,0,50,0,0,0
TRIM,2019-11-14,0,0,0,150,0,0,0
TRIO,2019-11-14,0,0,0,426,0,0,0
TRIS,2019-11-14,260,260,250,260,48200,27,0
TRST,2019-11-14,0,0,0,380,0,0,0
TRUK,2019-11-14,114,114,111,111,587300,55,0
TRUS,2019-11-14,350,350,350,350,500,1,0
TSPC,2019-11-14,1425,1435,1410,1415,35100,40,500
TUGU,2019-11-14,3460,3460,3460,3460,3000,3,-3000
TURI,2019-11-14,975,975,970,970,157000,13,2800
ULTJ,2019-11-14,1675,1750,1675,1700,1457800,506,330400
UNIC,2019-11-14,3900,3900,3900,3900,100,1,0
UNIT,2019-11-14,181,182,181,182,200,2,0
UNSP,2019-11-14,92,97,88,97,1005300,52,0
UNTR,2019-11-14,23100,23200,22250,22425,3469800,4471,-764011
UNVR,2019-11-14,42350,42800,42350,42800,1153700,2664,440640
URBN,2019-11-14,2160,2160,2150,2150,8900,3,0
VICO,2019-11-14,108,108,105,107,3400,11,0
VINS,2019-11-14,187,195,126,138,5717500,1181,0
VIVA,2019-11-14,71,71,68,70,106266200,281,2572100
VOKS,2019-11-14,282,286,278,280,4379200,697,0
VRNA,2019-11-14,0,0,0,111,0,0,0
WAPO,2019-11-14,82,84,82,82,4500,9,0
WEGE,2019-11-14,304,308,302,302,5480600,709,407900
WEHA,2019-11-14,152,152,147,147,1334000,127,0
WICO,2019-11-14,0,0,0,520,0,0,0
WIIM,2019-11-14,167,170,165,166,625700,178,0
WIKA,2019-11-14,1930,1960,1920,1935,9479500,2307,-699600
WINS,2019-11-14,127,127,127,127,585100,15,-154000
WOMF,2019-11-14,284,284,276,284,184800,81,0
WOOD,2019-11-14,695,700,680,690,4221200,253,36200
WOWS,2019-11-14,448,448,436,436,4447100,606,0
WSBP,2019-11-14,318,320,314,316,7920200,725,320100
WSKT,2019-11-14,1475,1490,1455,1460,9573400,1690,-4400
WTON,2019-11-14,414,420,410,416,8642700,1142,35600
XMJM,2019-11-14,0,0,0,1000,0,0,0
XPMI,2019-11-14,941,941,941,941,600,0,0
XSPI,2019-11-14,0,0,0,750,0,0,0
YELO,2019-11-14,100,104,99,101,2649500,246,-19800
YPAS,2019-11-14,0,0,0,488,0,0,0
YULE,2019-11-14,0,0,0,167,0,0,0
ZBRA,2019-11-14,0,0,0,50,0,0,0
ZINC,2019-11-14,374,386,368,380,110606000,6155,636700
ZONE,2019-11-14,454,454,448,448,164600,65,0
