AALI,2020-05-27,6850,7000,6775,6975,3214700,2104,-24100
ABBA,2020-05-27,50,50,50,50,285700,42,0
ABDA,2020-05-27,5750,5750,5750,5750,100,1,0
ABMM,2020-05-27,0,0,0,1495,0,0,0
ACES,2020-05-27,1370,1395,1335,1385,13720000,4770,2795500
ACST,2020-05-27,244,250,242,242,462100,81,62000
ADES,2020-05-27,815,920,810,875,222600,92,0
ADHI,2020-05-27,510,520,505,515,20719900,1937,-931500
ADMF,2020-05-27,6550,6575,6500,6550,79500,153,5200
ADMG,2020-05-27,92,94,86,90,2187500,439,0
ADRO,2020-05-27,1020,1020,990,1000,47426900,6638,10231600
AGAR,2020-05-27,490,490,488,488,1100,3,0
AGII,2020-05-27,406,418,406,418,357400,124,0
AGRO,2020-05-27,119,125,118,122,10301300,936,0
AGRS,2020-05-27,111,111,111,111,1000,1,0
AHAP,2020-05-27,50,50,50,50,19300,9,0
AIMS,2020-05-27,0,0,0,180,0,0,0
AISA,2020-05-27,0,0,0,168,0,0,0
AKKU,2020-05-27,0,0,0,50,0,0,0
AKPI,2020-05-27,0,0,0,380,0,0,0
AKRA,2020-05-27,2430,2450,2380,2420,16499300,2288,1450700
AKSI,2020-05-27,99,113,93,100,191400,60,6600
ALDO,2020-05-27,0,0,0,424,0,0,0
ALKA,2020-05-27,400,440,400,440,600,2,0
ALMI,2020-05-27,254,254,238,238,400,2,0
ALTO,2020-05-27,0,0,0,396,0,0,0
AMAG,2020-05-27,268,268,250,250,1300,4,0
AMAN,2020-05-27,202,210,202,208,17300,9,0
AMAR,2020-05-27,163,180,163,175,3700,12,0
AMFG,2020-05-27,3200,3200,2980,3090,6600,9,0
AMIN,2020-05-27,0,0,0,400,0,0,0
AMOR,2020-05-27,1995,1995,1970,1995,106300,24,1800
AMRT,2020-05-27,925,930,915,915,734200,106,373900
ANDI,2020-05-27,50,50,50,50,32800,7,0
ANJT,2020-05-27,446,446,416,416,12900,12,0
ANTM,2020-05-27,530,535,515,520,43519100,3438,2078800
APEX,2020-05-27,95,98,95,98,6800,13,0
APIC,2020-05-27,975,975,960,970,31384600,4580,-3218100
APII,2020-05-27,0,0,0,198,0,0,0
APLI,2020-05-27,134,134,134,134,300,2,0
APLN,2020-05-27,103,104,99,100,48456600,2378,7377000
ARGO,2020-05-27,825,825,825,825,100,1,100
ARII,2020-05-27,605,735,575,735,40400,12,0
ARKA,2020-05-27,0,0,0,1395,0,0,0
ARMY,2020-05-27,0,0,0,50,0,0,0
ARNA,2020-05-27,398,398,394,398,362500,38,85400
ARTA,2020-05-27,410,410,390,408,2200,5,0
ARTI,2020-05-27,0,0,0,50,0,0,0
ARTO,2020-05-27,900,910,900,900,76300,17,0
ASBI,2020-05-27,0,0,0,250,0,0,0
ASDM,2020-05-27,0,0,0,1115,0,0,0
ASGR,2020-05-27,695,700,675,690,71600,36,0
ASII,2020-05-27,4350,4390,4220,4350,68841200,10691,9569200
ASJT,2020-05-27,119,119,111,116,35100,19,0
ASMI,2020-05-27,1085,1090,1075,1090,14100,15,0
ASPI,2020-05-27,484,515,482,510,12914100,967,-1358600
ASRI,2020-05-27,112,117,109,113,106920900,1979,78888233
ASRM,2020-05-27,1780,1895,1770,1815,1600,7,200
ASSA,2020-05-27,350,356,336,338,9225600,385,373200
ATIC,2020-05-27,850,850,745,830,500,5,200
AUTO,2020-05-27,765,770,755,770,638900,316,110000
AYLS,2020-05-27,50,50,50,50,1000,1,0
BABP,2020-05-27,50,50,50,50,300,2,0
BABP-W3,2020-05-27,26,26,26,26,100,0,0
BABP-W4,2020-05-27,0,0,0,6,0,0,0
BACA,2020-05-27,392,416,390,416,25600,19,9400
BAJA,2020-05-27,53,53,51,52,13100,8,0
BALI,2020-05-27,940,940,935,940,2500,5,0
BAPA,2020-05-27,0,0,0,50,0,0,0
BAPI,2020-05-27,50,50,50,50,700,5,0
BATA,2020-05-27,590,590,575,590,5500,10,0
BAYU,2020-05-27,1010,1025,1010,1025,3600,8,0
BBCA,2020-05-27,24850,25000,24275,24825,30350700,17303,2847141
BBHI,2020-05-27,66,69,65,66,50100,7,0
BBKP,2020-05-27,152,152,144,147,34482400,1549,8931400
BBLD,2020-05-27,0,0,0,420,0,0,0
BBMD,2020-05-27,1095,1100,1090,1090,1330600,23,25000
BBNI,2020-05-27,3640,3700,3580,3630,64238200,8310,32008200
BBRI,2020-05-27,2540,2630,2520,2630,432813000,36836,-96593477
BBRM,2020-05-27,0,0,0,50,0,0,0
BBSS,2020-05-27,165,166,161,163,17467500,1542,0
BBTN,2020-05-27,775,795,770,780,68319800,5918,9921300
BBYB,2020-05-27,230,230,220,220,300,3,-100
BCAP,2020-05-27,177,178,170,178,112900,48,-103400
BCIC,2020-05-27,0,0,0,450,0,0,0
BCIP,2020-05-27,50,50,50,50,23700,5,0
BDMN,2020-05-27,2540,2540,2500,2530,1253900,360,-187700
BEEF,2020-05-27,212,230,210,226,1871300,305,0
BEKS,2020-05-27,50,50,50,50,1800,6,0
BELL,2020-05-27,705,705,705,705,400,1,0
BESS,2020-05-27,244,252,242,248,5466300,760,0
BEST,2020-05-27,100,104,97,104,58983400,2776,8030200
BFIN,2020-05-27,286,308,282,298,15094400,143,13863500
BGTG,2020-05-27,50,50,50,50,2700,11,0
BHAT,2020-05-27,378,380,374,380,115326600,1922,0
BHIT,2020-05-27,50,50,50,50,272600,26,0
BIKA,2020-05-27,196,208,196,202,42300,23,0
BIMA,2020-05-27,0,0,0,50,0,0,0
BINA,2020-05-27,1015,1015,960,995,866700,76,0
BIPI,2020-05-27,50,50,50,50,1000,1,0
BIPP,2020-05-27,50,50,50,50,100,1,0
BIRD,2020-05-27,900,960,900,935,6789400,595,-26300
BISI,2020-05-27,890,890,865,885,16200,17,0
BJBR,2020-05-27,710,730,710,725,4125500,1265,-975300
BJTM,2020-05-27,494,498,490,496,3649400,941,-410700
BKDP,2020-05-27,50,50,50,50,1200,3,0
BKSL,2020-05-27,50,50,50,50,112700,26,671200
BKSW,2020-05-27,70,70,63,65,70400,21,0
BLTA,2020-05-27,0,0,0,50,0,0,0
BLTZ,2020-05-27,0,0,0,3250,0,0,0
BLUE,2020-05-27,490,494,488,492,144100,130,0
BMAS,2020-05-27,280,296,280,294,4500,19,0
BMRI,2020-05-27,4150,4200,4010,4110,62164800,9612,12707900
BMSR,2020-05-27,52,53,51,51,277900,15,0
BMTR,2020-05-27,202,204,196,200,20267600,1636,6943400
BNBA,2020-05-27,288,290,280,290,359500,11,300000
BNBR,2020-05-27,50,50,50,50,400,4,0
BNGA,2020-05-27,625,625,620,625,1185500,299,-27300
BNII,2020-05-27,148,150,148,149,1630500,45,1341100
BNLI,2020-05-27,1285,1290,1265,1285,46350500,939,-30352000
BOGA,2020-05-27,1475,1510,1470,1485,55581800,2397,-3876200
BOLA,2020-05-27,147,187,138,187,216000,92,2000
BOLT,2020-05-27,0,0,0,665,0,0,0
BOSS,2020-05-27,75,84,70,78,13648900,1081,45900
BPFI,2020-05-27,0,0,0,1185,0,0,0
BPII,2020-05-27,0,0,0,10000,0,0,0
BPTR,2020-05-27,83,83,80,82,900,5,0
BRAM,2020-05-27,0,0,0,4980,0,0,0
BRIS,2020-05-27,292,314,288,308,141454800,11647,-1773200
BRMS,2020-05-27,50,50,50,50,7445500,63,-240000
BRNA,2020-05-27,0,0,0,1075,0,0,0
BRPT,2020-05-27,1285,1290,1220,1270,32905600,7415,3595600
BSDE,2020-05-27,655,700,640,690,112666100,8035,29400857
BSIM,2020-05-27,458,458,452,458,5700,15,-55816800
BSIM-W3,2020-05-27,15,16,14,16,4900,0,0
BSSR,2020-05-27,1215,1240,1210,1240,9600,15,0
BSWD,2020-05-27,0,0,0,1750,0,0,0
BTEK,2020-05-27,50,50,50,50,1000,1,0
BTEL,2020-05-27,0,0,0,50,0,0,0
BTON,2020-05-27,145,145,140,140,23700,11,0
BTPN,2020-05-27,1840,1840,1820,1840,150100,51,0
BTPS,2020-05-27,2390,2520,2350,2520,65336100,12540,-3635225
BUDI,2020-05-27,86,88,86,87,34500,20,0
BUKK,2020-05-27,960,1030,930,980,45800,29,0
BULL,2020-05-27,226,236,224,228,103888200,2353,7496200
BUMI,2020-05-27,50,50,50,50,7344800,124,-400
BUVA,2020-05-27,61,63,61,61,9300,16,0
BVIC,2020-05-27,66,72,65,69,1067200,213,0
BWPT,2020-05-27,80,80,77,79,4794800,239,-991500
BYAN,2020-05-27,0,0,0,14500,0,0,0
CAKK,2020-05-27,50,50,50,50,49600,7,0
CAMP,2020-05-27,200,200,198,199,141100,63,0
CANI,2020-05-27,0,0,0,200,0,0,0
CARE,2020-05-27,304,308,302,304,9632100,713,31800
CARS,2020-05-27,50,51,50,50,92142000,323,0
CASA,2020-05-27,430,430,370,388,39300,16,17500
CASH,2020-05-27,472,472,450,470,8850800,1284,12500
CASS,2020-05-27,230,230,216,216,459100,72,140000
CBMF,2020-05-27,112,119,111,116,202100,35,0
CCSI,2020-05-27,246,250,246,248,180400,27,0
CEKA,2020-05-27,1700,1700,1675,1695,49900,33,0
CENT,2020-05-27,56,56,54,55,107000,42,0
CFIN,2020-05-27,178,180,176,176,227100,33,143100
CINT,2020-05-27,268,268,260,268,55200,9,0
CITA,2020-05-27,0,0,0,1720,0,0,0
CITY,2020-05-27,61,61,51,53,88300,7,0
CKRA,2020-05-27,0,0,0,76,0,0,0
CLAY,2020-05-27,1910,1910,1900,1900,600,3,0
CLEO,2020-05-27,468,472,464,468,5229900,602,-61600
CLPI,2020-05-27,655,695,655,655,25300,10,0
CMNP,2020-05-27,1400,1400,1350,1350,17800,4,-14200
CMPP,2020-05-27,0,0,0,184,0,0,0
CNKO,2020-05-27,50,50,50,50,200,1,0
CNTB,2020-05-27,0,0,0,250,0,0,0
CNTX,2020-05-27,0,0,0,260,0,0,0
COCO,2020-05-27,840,840,740,830,2300,7,800
COWL,2020-05-27,50,50,50,50,2200,21,0
CPIN,2020-05-27,4910,5125,4880,5075,8577100,5033,772600
CPRI,2020-05-27,50,50,50,50,500,1,0
CPRO,2020-05-27,50,50,50,50,100,1,0
CSAP,2020-05-27,350,350,350,350,367600,4,0
CSIS,2020-05-27,50,50,50,50,6100,3,0
CSMI,2020-05-27,184,199,184,195,187500,67,0
CSRA,2020-05-27,240,248,232,244,1766400,202,25300
CTBN,2020-05-27,0,0,0,2450,0,0,0
CTRA,2020-05-27,525,575,520,550,82240400,4898,-441777
CTTH,2020-05-27,50,50,50,50,100,1,0
DADA,2020-05-27,191,193,181,181,20638700,2533,0
DART,2020-05-27,298,298,298,298,100,1,0
DAYA,2020-05-27,0,0,0,600,0,0,0
DEAL,2020-05-27,95,97,92,93,1880200,305,0
DEFI,2020-05-27,1820,1820,1820,1820,1800,1,0
DEWA,2020-05-27,50,50,50,50,200,1,0
DFAM,2020-05-27,390,400,390,400,57100,7,0
DGIK,2020-05-27,50,50,50,50,200,2,0
DIGI,2020-05-27,0,0,0,1700,0,0,0
DILD,2020-05-27,214,218,212,216,76600,38,100
DIVA,2020-05-27,645,715,635,655,7561700,790,-201400
DKFT,2020-05-27,93,93,91,92,446200,73,0
DLTA,2020-05-27,4200,4350,4200,4330,26300,61,0
DMAS,2020-05-27,138,140,136,140,74820400,3154,9129869
DMMX,2020-05-27,68,86,68,71,32212700,3637,1192900
DMND,2020-05-27,955,960,955,960,5500,11,0
DNAR,2020-05-27,160,160,160,160,100,1,0
DNET,2020-05-27,3550,3550,3550,3550,700,3,0
DOID,2020-05-27,125,126,123,126,15966300,479,-6772600
DPNS,2020-05-27,0,0,0,218,0,0,0
DPUM,2020-05-27,84,99,81,99,5300,7,0
DSFI,2020-05-27,70,75,70,72,158900,90,0
DSNG,2020-05-27,314,314,306,310,2924200,100,-120000
DSSA,2020-05-27,0,0,0,20975,0,0,0
DUCK,2020-05-27,406,420,406,418,150500,57,0
DUTI,2020-05-27,4740,4740,4740,4740,100,1,0
DVLA,2020-05-27,2250,2250,2180,2190,46800,40,-4000
DWGL,2020-05-27,232,238,232,232,300,3,0
DYAN,2020-05-27,50,50,50,50,10900,9,0
EAST,2020-05-27,52,53,51,51,947700,85,0
ECII,2020-05-27,655,665,640,665,10300,6,0
EKAD,2020-05-27,910,915,900,915,78000,61,0
ELSA,2020-05-27,204,206,198,199,46191300,3110,226700
ELTY,2020-05-27,50,50,50,50,200,1,0
EMDE,2020-05-27,0,0,0,202,0,0,0
EMTK,2020-05-27,4990,4990,4990,4990,8700,10,0
ENRG,2020-05-27,50,50,50,50,112800,17,0
ENVY,2020-05-27,95,100,88,91,142130800,5002,37299100
EPMT,2020-05-27,1725,1740,1720,1740,33000,10,0
ERAA,2020-05-27,1160,1230,1160,1230,30193300,6058,-1680100
ERTX,2020-05-27,0,0,0,126,0,0,0
ESIP,2020-05-27,166,166,163,166,24800,6,0
ESSA,2020-05-27,149,152,148,150,2622400,135,0
ESTA,2020-05-27,92,92,92,92,66300,22,0
ESTI,2020-05-27,0,0,0,50,0,0,0
ETWA,2020-05-27,60,73,56,66,1494700,136,-1187600
EXCL,2020-05-27,2460,2660,2430,2630,21257300,5599,-1145500
FAST,2020-05-27,965,1000,925,935,105900,79,69300
FASW,2020-05-27,0,0,0,6850,0,0,0
FILM,2020-05-27,172,176,168,175,2413000,296,21700
FINN,2020-05-27,0,0,0,50,0,0,0
FIRE,2020-05-27,119,121,117,119,1457400,252,112900
FISH,2020-05-27,0,0,0,2750,0,0,0
FITT,2020-05-27,58,58,52,54,3800,9,0
FMII,2020-05-27,0,0,0,680,0,0,0
FOOD,2020-05-27,85,88,85,86,26900,28,0
FORU,2020-05-27,0,0,0,81,0,0,0
FORZ,2020-05-27,0,0,0,50,0,0,0
FPNI,2020-05-27,83,92,83,89,603200,165,-113200
FREN,2020-05-27,100,101,96,99,45663600,1635,4144400
FUJI,2020-05-27,104,104,100,104,5010800,15,0
GAMA,2020-05-27,0,0,0,50,0,0,0
GDST,2020-05-27,52,54,52,53,180200,25,0
GDYR,2020-05-27,0,0,0,1495,0,0,0
GEMA,2020-05-27,0,0,0,352,0,0,0
GEMS,2020-05-27,0,0,0,2550,0,0,0
GGRM,2020-05-27,47800,47875,46875,47150,1245600,4121,482300
GGRP,2020-05-27,274,274,268,270,52000,10,0
GHON,2020-05-27,0,0,0,1500,0,0,0
GIAA,2020-05-27,228,240,224,234,90431300,5178,4899600
GJTL,2020-05-27,380,384,370,380,3721700,447,0
GLOB,2020-05-27,230,230,214,226,9600,11,0
GLVA,2020-05-27,260,260,242,258,12100,11,-6000
GMFI,2020-05-27,79,81,77,77,10488300,479,0
GMTD,2020-05-27,0,0,0,17000,0,0,0
GOLD,2020-05-27,181,181,181,181,2000,3,0
GOLL,2020-05-27,0,0,0,50,0,0,0
GOOD,2020-05-27,1290,1290,1260,1285,225300,129,0
GPRA,2020-05-27,51,52,50,50,943400,64,-101300
GREN,2020-05-27,0,0,0,328,0,0,0
GSMF,2020-05-27,0,0,0,113,0,0,0
GTBO,2020-05-27,80,82,80,82,2700,8,0
GWSA,2020-05-27,86,87,83,83,302300,69,281700
GZCO,2020-05-27,0,0,0,50,0,0,0
HADE,2020-05-27,0,0,0,50,0,0,0
HDFA,2020-05-27,0,0,0,160,0,0,0
HDIT,2020-05-27,450,450,450,450,200,2,0
HDTX,2020-05-27,0,0,0,120,0,0,0
HEAL,2020-05-27,3020,3150,3010,3100,601800,187,282100
HELI,2020-05-27,168,168,168,168,1600,4,0
HERO,2020-05-27,900,1000,865,900,24500,11,400
HEXA,2020-05-27,2700,2790,2700,2750,63300,54,10400
HITS,2020-05-27,530,535,530,535,10900,3,0
HKMU,2020-05-27,72,73,68,69,38499700,1126,0
HMSP,2020-05-27,1920,1970,1895,1940,53628900,9185,-11352100
HOKI,2020-05-27,675,685,670,675,9991100,706,-1700
HOME,2020-05-27,0,0,0,50,0,0,0
HOTL,2020-05-27,81,81,76,76,1600,8,1100
HRME,2020-05-27,186,186,173,173,73100,58,0
HRTA,2020-05-27,242,270,226,242,521400,178,0
HRUM,2020-05-27,1235,1240,1230,1235,189200,67,0
IATA,2020-05-27,50,50,50,50,1100,2,0
IBFN,2020-05-27,0,0,0,320,0,0,0
IBST,2020-05-27,0,0,0,8200,0,0,0
ICBP,2020-05-27,8700,8700,8325,8325,13319000,8686,530700
ICON,2020-05-27,0,0,0,54,0,0,0
IDPR,2020-05-27,116,130,110,126,1192000,180,0
IFII,2020-05-27,136,138,135,138,209300,35,0
IFSH,2020-05-27,282,320,282,290,2700,11,0
IGAR,2020-05-27,240,240,238,238,32700,17,0
IIKP,2020-05-27,0,0,0,50,0,0,0
IKAI,2020-05-27,50,50,50,50,3300,2,0
IKAN,2020-05-27,356,408,352,406,8654400,1249,0
IKBI,2020-05-27,210,210,210,210,100,1,0
IMAS,2020-05-27,520,520,496,498,777200,151,0
IMJS,2020-05-27,125,132,125,130,2842400,321,0
IMPC,2020-05-27,1090,1100,1090,1100,718600,38,0
INAF,2020-05-27,955,1060,955,1045,5406300,2334,28700
INAI,2020-05-27,350,352,336,346,6700,18,0
INCF,2020-05-27,50,50,50,50,5200,3,0
INCI,2020-05-27,386,386,372,372,6600,9,0
INCO,2020-05-27,3050,3080,2910,2910,9015200,3469,559100
INDF,2020-05-27,6025,6025,5600,5600,17652100,6797,-3304200
INDO,2020-05-27,77,83,74,76,206900,45,0
INDR,2020-05-27,2250,2350,2200,2270,14000,25,-7000
INDS,2020-05-27,1910,1925,1910,1925,15200,10,-10600
INDX,2020-05-27,0,0,0,50,0,0,0
INDY,2020-05-27,710,710,685,690,8942300,1540,2013300
INKP,2020-05-27,5150,5200,5025,5050,2526900,2184,161200
INOV,2020-05-27,298,318,298,308,17900,14,0
INPC,2020-05-27,50,50,50,50,78300,57,0
INPP,2020-05-27,735,735,695,705,7100,17,0
INPS,2020-05-27,3380,3380,3250,3360,586400,33,1600
INRU,2020-05-27,0,0,0,870,0,0,0
INTA,2020-05-27,284,284,254,262,1000,5,0
INTD,2020-05-27,0,0,0,248,0,0,0
INTP,2020-05-27,11300,11425,11025,11350,2545800,2611,1562900
IPCC,2020-05-27,320,324,314,324,2434400,372,-824000
IPCM,2020-05-27,179,185,175,180,4500,12,0
IPOL,2020-05-27,62,65,62,62,17700,18,0
IPTV,2020-05-27,384,384,380,384,8940000,7834,1439500
IRRA,2020-05-27,555,555,545,550,2861100,268,74000
ISAT,2020-05-27,2130,2150,2100,2110,6069100,2646,-111900
ISSP,2020-05-27,124,124,118,118,7941700,673,0
ITIC,2020-05-27,1935,1970,1920,1935,452600,579,-30200
ITMA,2020-05-27,0,0,0,410,0,0,0
ITMG,2020-05-27,8150,8300,8000,8200,2720800,2268,197000
JAST,2020-05-27,123,123,115,115,190700,83,0
JAWA,2020-05-27,62,62,62,62,100,1,0
JAYA,2020-05-27,62,62,54,57,338200,39,0
JECC,2020-05-27,0,0,0,6950,0,0,0
JGLE,2020-05-27,0,0,0,50,0,0,0
JIHD,2020-05-27,530,530,456,456,300,3,0
JKON,2020-05-27,0,0,0,420,0,0,0
JKSW,2020-05-27,0,0,0,60,0,0,0
JMAS,2020-05-27,188,189,186,189,24400,18,0
JPFA,2020-05-27,900,905,890,895,25795200,3388,4813100
JRPT,2020-05-27,412,418,408,418,349300,158,130418
JSKY,2020-05-27,80,81,75,75,12264400,1144,-140800
JSMR,2020-05-27,3980,4150,3890,3910,28470600,8787,-1494200
JSPT,2020-05-27,0,0,0,990,0,0,0
JTPE,2020-05-27,710,725,665,695,846700,127,633100
KAEF,2020-05-27,1170,1210,1160,1180,15399100,6235,-347400
KARW,2020-05-27,50,51,50,50,296100,20,0
KAYU,2020-05-27,50,50,50,50,185600,14,0
KBAG,2020-05-27,300,300,288,298,25346700,4714,0
KBLI,2020-05-27,408,408,386,394,1813500,384,0
KBLM,2020-05-27,298,300,282,284,8900,19,2200
KBLV,2020-05-27,0,0,0,330,0,0,0
KBRI,2020-05-27,0,0,0,50,0,0,0
KDSI,2020-05-27,760,790,760,790,13500,9,0
KEEN,2020-05-27,290,290,270,270,2184000,93,-5000
KEJU,2020-05-27,760,765,760,760,16300,11,0
KIAS,2020-05-27,0,0,0,50,0,0,0
KICI,2020-05-27,0,0,0,198,0,0,0
KIJA,2020-05-27,135,140,135,139,1679900,124,-1000
KINO,2020-05-27,2570,2650,2550,2580,930900,366,30600
KIOS,2020-05-27,0,0,0,185,0,0,0
KJEN,2020-05-27,0,0,0,1260,0,0,0
KKGI,2020-05-27,194,216,186,216,1357900,42,1239400
KLBF,2020-05-27,1330,1340,1310,1320,22108500,5193,9604400
KMTR,2020-05-27,228,250,228,228,800,6,0
KOBX,2020-05-27,97,97,89,90,992700,186,0
KOIN,2020-05-27,0,0,0,100,0,0,0
KONI,2020-05-27,0,0,0,428,0,0,0
KOPI,2020-05-27,555,555,555,555,20800,14,0
KOTA,2020-05-27,620,655,600,650,12675900,610,-500
KPAL,2020-05-27,60,62,56,57,3630100,392,0
KPAS,2020-05-27,51,53,50,50,1847100,170,0
KPIG,2020-05-27,114,114,113,114,442700,28,-1900
KRAH,2020-05-27,450,450,446,446,400,4,0
KRAS,2020-05-27,174,178,171,174,3876800,497,1389100
KREN,2020-05-27,80,80,71,71,32358200,2106,8951500
LAND,2020-05-27,300,374,298,300,453400,135,0
LAPD,2020-05-27,0,0,0,50,0,0,0
LCGP,2020-05-27,0,0,0,114,0,0,0
LCKM,2020-05-27,360,360,360,360,25100,6,20000
LEAD,2020-05-27,50,50,50,50,100,1,0
LIFE,2020-05-27,4950,4950,4950,4950,100,1,0
LINK,2020-05-27,2590,2590,2510,2560,171900,172,47200
LION,2020-05-27,0,0,0,236,0,0,0
LMAS,2020-05-27,50,50,50,50,100,1,0
LMPI,2020-05-27,84,84,84,84,300,1,0
LMSH,2020-05-27,240,240,240,240,100,1,0
LPCK,2020-05-27,685,715,685,710,670000,199,-66064
LPGI,2020-05-27,3980,3980,3980,3980,100,1,0
LPIN,2020-05-27,198,210,198,210,21000,4,0
LPKR,2020-05-27,152,153,147,150,15189200,884,2365556
LPLI,2020-05-27,80,87,70,73,71500,27,0
LPPF,2020-05-27,1520,1530,1415,1440,24552800,6722,5495863
LPPS,2020-05-27,68,78,68,73,8700,20,0
LRNA,2020-05-27,148,148,148,148,200,1,0
LSIP,2020-05-27,730,735,710,715,12271600,876,796400
LTLS,2020-05-27,420,420,414,420,110400,42,0
LUCK,2020-05-27,318,318,306,312,247000,81,0
MABA,2020-05-27,0,0,0,50,0,0,0
MAGP,2020-05-27,0,0,0,50,0,0,0
MAIN,2020-05-27,510,515,500,500,4435200,876,1808000
MAMI,2020-05-27,50,50,50,50,800,3,0
MAMIP,2020-05-27,0,0,0,600,0,0,0
MAPA,2020-05-27,2280,2340,2260,2300,5515100,498,3261900
MAPB,2020-05-27,1685,1685,1680,1680,400,2,100
MAPI,2020-05-27,685,710,660,700,38836000,4176,11615000
MARI,2020-05-27,0,0,0,130,0,0,0
MARK,2020-05-27,442,515,442,505,18983100,1819,-5354700
MASA,2020-05-27,0,0,0,392,0,0,0
MAYA,2020-05-27,0,0,0,6500,0,0,0
MBAP,2020-05-27,1610,1610,1565,1595,38100,24,0
MBSS,2020-05-27,316,316,304,306,633800,126,0
MBTO,2020-05-27,69,69,55,58,125000,39,25000
MCAS,2020-05-27,670,800,650,760,1786200,749,-183700
MCOR,2020-05-27,120,121,118,120,1533900,107,0
MDIA,2020-05-27,59,59,50,50,2500,6,0
MDKA,2020-05-27,1330,1330,1255,1280,43566100,3119,-1190800
MDKI,2020-05-27,125,126,121,122,1713500,87,1620200
MDLN,2020-05-27,71,75,64,68,524504700,13559,1036200
MDRN,2020-05-27,0,0,0,50,0,0,0
MEDC,2020-05-27,466,466,450,456,48842900,3146,334800
MEGA,2020-05-27,6200,6200,6200,6200,500,2,500
MERK,2020-05-27,2150,2160,2120,2140,24900,32,0
META,2020-05-27,91,91,88,90,647300,35,0
MFIN,2020-05-27,880,880,800,800,119300,15,118500
MFMI,2020-05-27,520,540,520,540,31700,17,0
MGNA,2020-05-27,0,0,0,50,0,0,0
MGRO,2020-05-27,700,705,675,700,1616300,123,0
MICE,2020-05-27,306,306,304,304,300,3,0
MIDI,2020-05-27,1430,1505,1430,1505,43300,10,-200
MIKA,2020-05-27,2300,2300,2200,2200,1550500,1010,-387000
MINA,2020-05-27,50,50,50,50,10400,2,0
MIRA,2020-05-27,0,0,0,50,0,0,0
MITI,2020-05-27,0,0,0,51,0,0,0
MKNT,2020-05-27,50,50,50,50,100,1,0
MKPI,2020-05-27,0,0,0,15850,0,0,0
MLBI,2020-05-27,9900,10100,9900,10000,41600,39,-20000
MLIA,2020-05-27,496,496,464,466,5296300,236,260000
MLPL,2020-05-27,51,51,50,50,947900,34,0
MLPT,2020-05-27,462,575,450,535,211400,72,0
MMLP,2020-05-27,141,143,141,142,63800,35,0
MNCN,2020-05-27,865,920,850,910,119149200,12029,11141700
MOLI,2020-05-27,0,0,0,1135,0,0,0
MPMX,2020-05-27,620,620,595,600,7176000,1503,2337900
MPOW,2020-05-27,56,58,55,56,122300,26,0
MPPA,2020-05-27,112,118,109,110,1993100,72,0
MPRO,2020-05-27,865,865,865,865,900,3,0
MRAT,2020-05-27,125,127,120,127,178100,14,75000
MREI,2020-05-27,0,0,0,6950,0,0,0
MSIN,2020-05-27,318,318,300,312,350600,54,-400
MSKY,2020-05-27,0,0,0,1000,0,0,0
MTDL,2020-05-27,1350,1380,1340,1360,909600,535,24200
MTFN,2020-05-27,0,0,0,50,0,0,0
MTLA,2020-05-27,400,400,400,400,100,1,0
MTPS,2020-05-27,133,150,133,147,30900,27,0
MTRA,2020-05-27,0,0,0,244,0,0,0
MTSM,2020-05-27,0,0,0,166,0,0,0
MTWI,2020-05-27,50,60,50,50,1162600,89,-27462300
MYOH,2020-05-27,935,935,890,900,775800,196,552800
MYOR,2020-05-27,2110,2130,2100,2130,1527500,517,13600
MYRX,2020-05-27,0,0,0,50,0,0,0
MYRXP,2020-05-27,0,0,0,50,0,0,0
MYTX,2020-05-27,62,62,50,50,229400,23,0
NASA,2020-05-27,220,220,187,206,16237500,38,-10652
NATO,2020-05-27,550,555,550,555,6503000,45,-86500
NELY,2020-05-27,124,124,124,124,100,1,-100
NFCX,2020-05-27,1380,1380,1300,1300,9700,10,0
NICK,2020-05-27,0,0,0,334,0,0,0
NIKL,2020-05-27,414,422,410,412,502500,264,64100
NIPS,2020-05-27,0,0,0,282,0,0,0
NIRO,2020-05-27,0,0,0,143,0,0,0
NISP,2020-05-27,705,705,700,700,3000,11,0
NOBU,2020-05-27,755,755,705,705,300,2,0
NRCA,2020-05-27,320,330,316,326,477400,47,0
NUSA,2020-05-27,50,50,50,50,100,1,0
NZIA,2020-05-27,125,132,124,132,6300,14,0
OASA,2020-05-27,0,0,0,340,0,0,0
OCAP,2020-05-27,155,155,155,155,300,2,0
OKAS,2020-05-27,77,80,75,77,2902300,130,0
OMRE,2020-05-27,0,0,0,340,0,0,0
OPMS,2020-05-27,93,94,92,94,1162500,82,0
PADI,2020-05-27,0,0,0,50,0,0,0
PALM,2020-05-27,179,179,171,171,4100,8,0
PAMG,2020-05-27,66,67,64,64,1102700,202,0
PANI,2020-05-27,76,76,70,75,2200,3,0
PANR,2020-05-27,114,115,106,106,3668500,349,0
PANS,2020-05-27,740,740,735,740,1367200,64,1361500
PBID,2020-05-27,890,900,890,890,13000,8,-1700
PBRX,2020-05-27,226,242,218,242,1383900,168,-1034600
PBSA,2020-05-27,0,0,0,750,0,0,0
PCAR,2020-05-27,0,0,0,218,0,0,0
PDES,2020-05-27,400,400,380,380,400,4,0
PEGE,2020-05-27,160,161,160,160,6600,5,0
PEHA,2020-05-27,1010,1020,1005,1015,38700,36,20000
PGAS,2020-05-27,900,910,870,885,223054200,12638,53394290
PGJO,2020-05-27,86,91,84,91,6500,7,-400
PGLI,2020-05-27,0,0,0,298,0,0,0
PICO,2020-05-27,150,165,150,154,264000,53,0
PJAA,2020-05-27,438,484,438,450,433200,139,0
PKPK,2020-05-27,50,50,50,50,221200,6,0
PLAS,2020-05-27,0,0,0,50,0,0,0
PLIN,2020-05-27,2200,2200,2100,2200,12000,8,0
PMJS,2020-05-27,127,127,127,127,33000,3,0
PNBN,2020-05-27,695,695,675,680,1529000,390,247300
PNBS,2020-05-27,50,50,50,50,23500,7,0
PNIN,2020-05-27,790,800,790,795,363200,23,0
PNLF,2020-05-27,168,175,168,170,6881300,423,-317700
PNSE,2020-05-27,0,0,0,555,0,0,0
POLA,2020-05-27,64,64,60,62,150600,34,0
POLI,2020-05-27,1025,1025,965,1005,132200,27,0
POLL,2020-05-27,7825,7825,7575,7575,23700,42,10204
POLU,2020-05-27,850,890,795,795,2200,12,0
POLY,2020-05-27,50,50,50,50,600,2,0
POOL,2020-05-27,0,0,0,50,0,0,0
PORT,2020-05-27,0,0,0,640,0,0,0
POSA,2020-05-27,50,50,50,50,100,1,0
POWR,2020-05-27,600,600,590,595,2660600,166,2418500
PPRE,2020-05-27,195,198,194,196,25526700,3107,438100
PPRO,2020-05-27,50,50,50,50,6898900,233,2877555
PRAS,2020-05-27,150,157,147,147,18800,16,0
PRDA,2020-05-27,3150,3150,3130,3150,40900,18,-200
PRIM,2020-05-27,282,300,282,300,500,2,0
PSAB,2020-05-27,190,190,185,190,15904600,1055,16288800
PSDN,2020-05-27,130,130,112,112,13500,19,0
PSGO,2020-05-27,109,112,102,109,137100,27,1000
PSKT,2020-05-27,0,0,0,50,0,0,0
PSSI,2020-05-27,140,141,133,141,40200,31,0
PTBA,2020-05-27,2070,2110,2020,2090,41042300,6324,1937300
PTIS,2020-05-27,200,252,180,192,62500,41,0
PTPP,2020-05-27,675,690,660,680,67432000,3952,15017000
PTPW,2020-05-27,775,790,770,775,2001300,273,0
PTRO,2020-05-27,1225,1230,1205,1215,464100,241,0
PTSN,2020-05-27,164,165,159,160,4259500,325,2200000
PTSP,2020-05-27,0,0,0,3700,0,0,0
PUDP,2020-05-27,220,220,220,220,100,1,0
PURA,2020-05-27,79,80,74,74,91565100,24672,-1040000
PURE,2020-05-27,97,97,92,92,1581500,319,0
PWON,2020-05-27,366,420,364,400,299012800,13936,12382922
PYFA,2020-05-27,430,452,428,434,1191100,252,0
PZZA,2020-05-27,720,740,710,730,138100,101,0
R-ABFII,2020-05-27,0,0,0,28600,0,0,0
RAJA,2020-05-27,92,92,89,91,2457300,305,0
RALS,2020-05-27,600,605,570,580,12027600,1615,5902600
RANC,2020-05-27,330,340,330,330,944100,13,0
RBMS,2020-05-27,50,50,50,50,300,2,0
RDTX,2020-05-27,4800,4800,4560,4560,5500,5,0
REAL,2020-05-27,54,54,51,52,32829800,1952,-3293100
RELI,2020-05-27,0,0,0,288,0,0,0
RICY,2020-05-27,97,98,96,97,181900,23,181500
RIGS,2020-05-27,202,202,200,200,300,2,0
RIMO,2020-05-27,0,0,0,50,0,0,0
RISE,2020-05-27,422,426,420,424,478000,141,-6384
RMBA,2020-05-27,240,250,240,250,200,2,0
RODA,2020-05-27,50,50,50,50,100,1,0
RONY,2020-05-27,179,188,169,177,35300,19,0
ROTI,2020-05-27,1230,1240,1220,1220,4162400,289,-303800
RUIS,2020-05-27,173,180,166,177,3800,16,0
SAFE,2020-05-27,189,190,188,189,296000,57,0
SAME,2020-05-27,96,111,93,109,110700,38,0
SAMF,2020-05-27,416,416,406,408,465600,144,0
SAPX,2020-05-27,0,0,0,1460,0,0,0
SATU,2020-05-27,0,0,0,50,0,0,0
SBAT,2020-05-27,109,113,105,106,11979900,899,0
SCCO,2020-05-27,0,0,0,9225,0,0,0
SCMA,2020-05-27,835,975,825,940,93925100,7084,-8168700
SCPI,2020-05-27,0,0,0,29000,0,0,0
SDMU,2020-05-27,50,50,50,50,800,4,0
SDPC,2020-05-27,97,100,93,93,507400,54,0
SDRA,2020-05-27,870,950,865,950,17000,17,-14000
SFAN,2020-05-27,665,670,650,650,7400,15,0
SGRO,2020-05-27,2340,2340,2320,2340,37900,8,19000
SHID,2020-05-27,3700,3700,3700,3700,100,1,0
SHIP,2020-05-27,630,630,600,600,324300,92,0
SIDO,2020-05-27,1245,1250,1230,1245,2754100,1319,-3821200
SILO,2020-05-27,5475,5575,5300,5500,14200,27,-1900
SIMA,2020-05-27,0,0,0,50,0,0,0
SIMP,2020-05-27,210,210,204,210,2981700,249,-113100
SINI,2020-05-27,920,920,920,920,12700,7,-10000
SIPD,2020-05-27,1300,1300,1300,1300,15000,6,0
SKBM,2020-05-27,0,0,0,370,0,0,0
SKLT,2020-05-27,0,0,0,1610,0,0,0
SKRN,2020-05-27,670,670,645,645,1444700,390,0
SKYB,2020-05-27,0,0,0,51,0,0,0
SLIS,2020-05-27,5125,5225,5050,5200,220000,54,0
SMAR,2020-05-27,2780,2780,2780,2780,1400,3,0
SMBR,2020-05-27,290,290,284,286,2217600,372,-121600
SMCB,2020-05-27,995,1015,995,1015,57900,47,0
SMDM,2020-05-27,94,105,94,105,13400,6,0
SMDR,2020-05-27,144,145,144,144,328300,18,0
SMGR,2020-05-27,8600,9300,8575,9250,5807400,3777,-309400
SMKL,2020-05-27,175,183,175,182,1200,5,0
SMMA,2020-05-27,0,0,0,12250,0,0,0
SMMT,2020-05-27,83,83,83,83,100,1,0
SMRA,2020-05-27,440,460,434,452,96829500,5425,7053358
SMRU,2020-05-27,0,0,0,50,0,0,0
SMSM,2020-05-27,1140,1145,1105,1110,1722000,651,431300
SOCI,2020-05-27,130,137,128,137,25237000,1592,-132100
SONA,2020-05-27,4980,5000,4980,5000,400,2,0
SOSS,2020-05-27,0,0,0,420,0,0,0
SOTS,2020-05-27,0,0,0,190,0,0,0
SPMA,2020-05-27,280,280,280,280,400,1,0
SPTO,2020-05-27,505,515,498,500,687600,64,-297500
SQMI,2020-05-27,192,194,188,188,683000,199,0
SRAJ,2020-05-27,137,137,130,133,106500,18,0
SRIL,2020-05-27,145,149,145,148,38609100,1269,31227500
SRSN,2020-05-27,54,55,53,54,2049300,182,0
SRTG,2020-05-27,2870,2870,2810,2870,54900,54,-30000
SSIA,2020-05-27,292,294,288,290,17003400,800,4278200
SSMS,2020-05-27,915,915,900,900,57200,47,23000
SSTM,2020-05-27,0,0,0,615,0,0,0
STAR,2020-05-27,136,138,136,138,28200,10,0
STTP,2020-05-27,9300,9300,8750,8750,1800,10,0
SUGI,2020-05-27,0,0,0,50,0,0,0
SULI,2020-05-27,0,0,0,50,0,0,0
SUPR,2020-05-27,0,0,0,4000,0,0,0
SURE,2020-05-27,2900,2900,2900,2900,100,1,0
SWAT,2020-05-27,93,94,92,92,2244400,113,0
TALF,2020-05-27,300,300,268,268,1100,3,0
TAMA,2020-05-27,162,162,146,160,63800,18,0
TAMU,2020-05-27,70,70,70,70,22700,17,22700
TARA,2020-05-27,0,0,0,198,0,0,0
TAXI,2020-05-27,0,0,0,50,0,0,0
TBIG,2020-05-27,1070,1080,1040,1065,22641900,1643,1345827
TBLA,2020-05-27,550,555,535,540,1383500,372,914500
TBMS,2020-05-27,630,630,630,630,100,1,0
TCID,2020-05-27,7800,7800,7775,7800,14000,11,0
TCPI,2020-05-27,5000,5050,4850,4950,9588700,6487,128300
TDPM,2020-05-27,96,97,92,94,3993100,514,-540000
TEBE,2020-05-27,0,0,0,1615,0,0,0
TELE,2020-05-27,113,118,113,117,43933300,3016,-1135600
TFAS,2020-05-27,160,160,142,154,2600,8,0
TFCO,2020-05-27,500,500,466,500,1600,8,0
TGKA,2020-05-27,5700,6100,5700,6100,200,2,0
TGRA,2020-05-27,71,74,67,68,4584400,268,-400000
TIFA,2020-05-27,0,0,0,197,0,0,0
TINS,2020-05-27,484,486,472,472,13525400,1991,4367900
TIRA,2020-05-27,278,278,278,278,2500,3,0
TIRT,2020-05-27,54,54,54,54,600,3,0
TKIM,2020-05-27,4510,4540,4300,4420,13083600,7818,-863332
TLKM,2020-05-27,3250,3270,3150,3170,128693900,21539,51597500
TMAS,2020-05-27,92,92,89,89,1215600,127,49200
TMPO,2020-05-27,112,136,112,136,3800,8,0
TNCA,2020-05-27,0,0,0,248,0,0,0
TOBA,2020-05-27,330,334,328,334,17900,7,0
TOPS,2020-05-27,50,50,50,50,108000,11,73100
TOTL,2020-05-27,274,274,270,270,853400,140,413100
TOTO,2020-05-27,228,234,220,220,12500,11,0
TOWR,2020-05-27,930,950,925,950,88097900,6862,8234300
TPIA,2020-05-27,7175,7225,7100,7125,3119900,1484,375800
TPMA,2020-05-27,0,0,0,226,0,0,0
TRAM,2020-05-27,0,0,0,50,0,0,0
TRIL,2020-05-27,0,0,0,50,0,0,0
TRIM,2020-05-27,118,118,118,118,400,4,0
TRIN,2020-05-27,256,296,256,288,71343100,6690,-600
TRIO,2020-05-27,0,0,0,426,0,0,0
TRIS,2020-05-27,280,280,260,260,20800,7,0
TRST,2020-05-27,0,0,0,352,0,0,0
TRUK,2020-05-27,100,101,100,101,252500,38,0
TRUS,2020-05-27,340,350,330,330,3500,5,0
TSPC,2020-05-27,1190,1200,1180,1180,11700,17,4900
TUGU,2020-05-27,2610,2690,2610,2690,50100,6,-50000
TURI,2020-05-27,0,0,0,1410,0,0,0
UCID,2020-05-27,1565,1570,1550,1560,344100,138,285400
ULTJ,2020-05-27,1480,1490,1470,1490,372600,212,237200
UNIC,2020-05-27,0,0,0,3150,0,0,0
UNIT,2020-05-27,136,136,136,136,100,1,0
UNSP,2020-05-27,50,51,50,51,818600,33,0
UNTR,2020-05-27,15100,15200,14875,14950,2535100,4276,96000
UNVR,2020-05-27,8000,8250,8000,8200,15919300,7243,-1880214
URBN,2020-05-27,1680,1680,1675,1675,155400,17,0
VICO,2020-05-27,100,100,94,100,1100,5,0
VINS,2020-05-27,116,116,104,110,11200,46,0
VIVA,2020-05-27,50,50,50,50,3600,6,0
VOKS,2020-05-27,230,250,230,236,237200,28,-209900
VRNA,2020-05-27,126,126,126,126,200,2,0
WAPO,2020-05-27,0,0,0,67,0,0,0
WEGE,2020-05-27,160,170,159,165,36768300,2003,-3604600
WEHA,2020-05-27,87,97,81,96,2715000,434,0
WICO,2020-05-27,0,0,0,600,0,0,0
WIIM,2020-05-27,116,117,112,115,2534400,265,0
WIKA,2020-05-27,1010,1070,980,1065,83550100,8958,-5239000
WINS,2020-05-27,69,69,62,64,136600,15,-2600
WOMF,2020-05-27,189,199,188,189,111900,51,0
WOOD,2020-05-27,348,358,340,342,21796600,1169,87200
WOWS,2020-05-27,50,50,50,50,401600,6,0
WSBP,2020-05-27,157,158,152,155,55516500,1682,-437000
WSKT,2020-05-27,610,610,590,605,51184900,3054,-618400
WTON,2020-05-27,226,236,226,236,18943000,1185,312100
XMJM,2020-05-27,0,0,0,1001,0,0,0
XPMI,2020-05-27,695,695,695,695,100,0,0
XSMU,2020-05-27,0,0,0,92,0,0,0
XSPI,2020-05-27,0,0,0,750,0,0,0
YELO,2020-05-27,50,51,50,50,2291900,107,0
YPAS,2020-05-27,505,505,505,505,100,1,0
YULE,2020-05-27,199,199,199,199,100,1,0
ZBRA,2020-05-27,0,0,0,50,0,0,0
ZINC,2020-05-27,142,152,140,144,154050200,2345,-681300
ZONE,2020-05-27,420,420,412,418,136800,51,0
