AALI,2020-05-20,6550,6600,6450,6550,1546500,1411,-419500
ABBA,2020-05-20,50,50,50,50,429000,23,0
ABDA,2020-05-20,5500,5500,5500,5500,100,1,0
ABMM,2020-05-20,0,0,0,1525,0,0,0
ACES,2020-05-20,1300,1320,1285,1305,8962500,2502,5264800
ACST,2020-05-20,246,250,240,244,414700,128,0
ADES,2020-05-20,820,825,800,815,2900,8,0
ADHI,2020-05-20,492,498,492,496,5111100,719,-770000
ADMF,2020-05-20,6400,6475,6350,6450,116500,154,-38400
ADMG,2020-05-20,82,83,80,83,6124700,320,1003400
ADRO,2020-05-20,1015,1020,970,980,41027400,5527,-511400
AGAR,2020-05-20,480,480,442,452,230100,41,0
AGII,2020-05-20,404,410,402,406,244000,45,6025000
AGRO,2020-05-20,119,124,116,118,29057800,2300,0
AGRS,2020-05-20,120,120,111,111,48300,26,0
AHAP,2020-05-20,50,50,50,50,100,1,0
AIMS,2020-05-20,0,0,0,180,0,0,0
AISA,2020-05-20,0,0,0,168,0,0,0
AKKU,2020-05-20,50,50,50,50,100,1,0
AKPI,2020-05-20,0,0,0,408,0,0,0
AKRA,2020-05-20,2350,2350,2160,2210,15253800,2328,319500
AKSI,2020-05-20,103,103,98,98,21800,24,7200
ALDO,2020-05-20,428,428,428,428,2300,2,0
ALKA,2020-05-20,0,0,0,400,0,0,0
ALMI,2020-05-20,272,272,272,272,600,3,0
ALTO,2020-05-20,0,0,0,396,0,0,0
AMAG,2020-05-20,0,0,0,268,0,0,0
AMAN,2020-05-20,186,200,186,200,500,5,0
AMAR,2020-05-20,170,170,170,170,22700,11,0
AMFG,2020-05-20,3050,3200,3050,3200,3800,5,0
AMIN,2020-05-20,0,0,0,400,0,0,0
AMOR,2020-05-20,2080,2080,1995,1995,32100,15,0
AMRT,2020-05-20,900,910,880,910,49600,60,0
ANDI,2020-05-20,50,50,50,50,97500,10,-100
ANJT,2020-05-20,500,500,478,478,300,3,100
ANTM,2020-05-20,530,535,510,520,41916400,3375,-3595000
APEX,2020-05-20,93,95,92,95,101200,16,78300
APIC,2020-05-20,940,975,940,975,20690800,4187,-4410500
APII,2020-05-20,198,198,198,198,300,3,0
APLI,2020-05-20,128,128,128,128,2000,1,0
APLN,2020-05-20,98,98,95,95,6240100,449,692900
ARGO,2020-05-20,0,0,0,825,0,0,0
ARII,2020-05-20,560,615,560,605,5300,4,0
ARKA,2020-05-20,0,0,0,1395,0,0,0
ARMY,2020-05-20,0,0,0,50,0,0,0
ARNA,2020-05-20,400,400,398,398,216600,18,210800
ARTA,2020-05-20,0,0,0,438,0,0,0
ARTI,2020-05-20,0,0,0,50,0,0,0
ARTO,2020-05-20,895,900,875,895,9800,13,0
ASBI,2020-05-20,0,0,0,250,0,0,0
ASDM,2020-05-20,0,0,0,1115,0,0,0
ASGR,2020-05-20,705,705,660,695,34200,30,0
ASII,2020-05-20,3950,3980,3870,3970,38965700,5398,-2912111
ASJT,2020-05-20,101,122,100,110,45500,30,0
ASMI,2020-05-20,1095,1095,1080,1085,11200,9,0
ASPI,2020-05-20,446,466,446,464,13482000,909,-447300
ASRI,2020-05-20,109,109,106,107,6336900,616,3055900
ASRM,2020-05-20,1850,1850,1815,1850,8200,18,5600
ASSA,2020-05-20,336,346,334,338,6561300,394,-535600
ATIC,2020-05-20,750,750,750,750,100,1,100
AUTO,2020-05-20,755,755,745,750,542200,207,0
AYLS,2020-05-20,50,50,50,50,200,2,0
BABP,2020-05-20,50,50,50,50,100,1,0
BABP-W3,2020-05-20,26,40,26,26,4100,0,0
BABP-W4,2020-05-20,6,6,5,5,1965500,0,0
BACA,2020-05-20,404,412,404,412,20600,5,4900
BAJA,2020-05-20,51,52,51,51,187800,30,0
BALI,2020-05-20,865,920,865,920,2100,3,0
BAPA,2020-05-20,0,0,0,50,0,0,0
BAPI,2020-05-20,50,50,50,50,1100,3,0
BATA,2020-05-20,590,590,570,585,2100,10,0
BAYU,2020-05-20,980,1095,980,1095,1300,4,0
BBCA,2020-05-20,23600,24000,23450,23825,23831600,15594,10464357
BBHI,2020-05-20,65,69,65,69,7200,7,0
BBKP,2020-05-20,150,156,148,148,33022500,1755,11187700
BBLD,2020-05-20,0,0,0,420,0,0,0
BBMD,2020-05-20,1095,1095,1090,1095,819600,18,200000
BBNI,2020-05-20,3570,3640,3420,3600,74301500,11976,6495700
BBRI,2020-05-20,2360,2500,2320,2480,394395900,35709,-94152600
BBRM,2020-05-20,0,0,0,50,0,0,0
BBSS,2020-05-20,160,165,151,162,14417100,560,0
BBTN,2020-05-20,765,780,750,770,35885200,3119,-1942200
BBYB,2020-05-20,220,220,220,220,100500,11,-100000
BCAP,2020-05-20,175,177,171,176,102900,25,499600
BCIC,2020-05-20,0,0,0,450,0,0,0
BCIP,2020-05-20,50,50,50,50,110200,4,0
BDMN,2020-05-20,2400,2400,2320,2390,730100,313,17400
BEEF,2020-05-20,214,220,210,214,517000,160,0
BEKS,2020-05-20,50,50,50,50,7600,11,0
BELL,2020-05-20,705,705,695,705,3700,8,0
BESS,2020-05-20,242,242,236,240,800800,76,0
BEST,2020-05-20,100,101,93,95,41833700,1587,1078800
BFIN,2020-05-20,290,290,278,282,1827500,173,624100
BGTG,2020-05-20,50,50,50,50,600,2,0
BHAT,2020-05-20,370,376,368,370,119264100,2174,0
BHIT,2020-05-20,50,50,50,50,27200,14,27200
BIKA,2020-05-20,185,185,185,185,1700,4,0
BIMA,2020-05-20,0,0,0,50,0,0,0
BINA,2020-05-20,1000,1000,960,985,104300,14,0
BIPI,2020-05-20,0,0,0,50,0,0,0
BIPP,2020-05-20,50,50,50,50,1800,2,0
BIRD,2020-05-20,810,875,810,845,1949000,550,21307118
BISI,2020-05-20,890,890,855,875,20200,34,-5700
BJBR,2020-05-20,695,700,675,690,4981600,1055,54800
BJTM,2020-05-20,484,488,480,486,3073800,855,-682800
BKDP,2020-05-20,50,50,50,50,3500,5,0
BKSL,2020-05-20,50,50,50,50,27700,20,1500000
BKSW,2020-05-20,66,66,62,65,24000,12,0
BLTA,2020-05-20,50,50,50,50,300,2,0
BLTZ,2020-05-20,0,0,0,3250,0,0,0
BLUE,2020-05-20,494,496,484,486,184000,149,0
BMAS,2020-05-20,290,308,290,300,2000,11,0
BMRI,2020-05-20,3850,4120,3830,4070,118822200,13894,-6699700
BMSR,2020-05-20,53,53,51,51,37400,11,0
BMTR,2020-05-20,190,194,186,191,10336400,929,558100
BNBA,2020-05-20,280,288,280,288,25500,7,-10000
BNBR,2020-05-20,50,50,50,50,300,3,0
BNGA,2020-05-20,620,625,605,620,1736200,373,-404400
BNII,2020-05-20,148,150,146,148,1096800,149,133200
BNLI,2020-05-20,1265,1285,1260,1275,37964500,1690,-15697700
BOGA,2020-05-20,1465,1490,1460,1475,53663000,2701,-1626300
BOLA,2020-05-20,159,159,149,155,68800,47,0
BOLT,2020-05-20,665,665,665,665,11000,1,0
BOSS,2020-05-20,73,78,73,74,1816400,273,0
BPFI,2020-05-20,0,0,0,1185,0,0,0
BPII,2020-05-20,0,0,0,10000,0,0,0
BPTR,2020-05-20,84,84,84,84,300,2,0
BRAM,2020-05-20,0,0,0,4980,0,0,0
BRIS,2020-05-20,288,306,284,288,187438000,12280,34700
BRMS,2020-05-20,50,50,50,50,220000,12,0
BRNA,2020-05-20,0,0,0,1075,0,0,0
BRPT,2020-05-20,1210,1245,1150,1225,63012700,7852,-8303700
BSDE,2020-05-20,630,630,600,605,25887200,2647,16584300
BSIM,2020-05-20,478,478,468,476,2700,9,0
BSIM-W3,2020-05-20,16,16,16,16,100,0,0
BSSR,2020-05-20,1290,1290,1200,1200,5900,18,0
BSWD,2020-05-20,0,0,0,1750,0,0,0
BTEK,2020-05-20,50,50,50,50,100,1,0
BTEL,2020-05-20,0,0,0,50,0,0,0
BTON,2020-05-20,154,154,145,145,700,3,0
BTPN,2020-05-20,1825,1830,1805,1815,34600,38,-5700
BTPS,2020-05-20,2410,2420,2280,2330,25005700,8012,-3835800
BUDI,2020-05-20,89,89,83,87,410200,91,0
BUKK,2020-05-20,1075,1075,960,1030,2600,11,0
BULL,2020-05-20,226,228,218,218,99622300,2356,19187300
BUMI,2020-05-20,50,50,50,50,22613200,153,28561000
BUVA,2020-05-20,55,56,54,55,28500,12,0
BVIC,2020-05-20,64,67,64,67,185600,72,0
BWPT,2020-05-20,79,79,76,76,5620400,305,-189800
BYAN,2020-05-20,0,0,0,14500,0,0,0
CAKK,2020-05-20,50,50,50,50,3200,4,0
CAMP,2020-05-20,198,200,197,200,349800,161,0
CANI,2020-05-20,0,0,0,200,0,0,0
CARE,2020-05-20,308,308,304,304,9774800,912,0
CARS,2020-05-20,50,50,50,50,32400,13,0
CASA,2020-05-20,372,388,372,388,10900,4,2900
CASH,2020-05-20,424,440,420,438,9144600,849,2442958
CASS,2020-05-20,266,266,248,248,38900,18,-25000
CBMF,2020-05-20,121,137,109,109,818600,237,0
CCSI,2020-05-20,244,248,244,246,122900,29,0
CEKA,2020-05-20,1685,1690,1600,1690,72300,47,0
CENT,2020-05-20,53,54,53,53,549000,32,0
CFIN,2020-05-20,168,180,167,170,673300,185,584400
CINT,2020-05-20,262,270,262,270,31000,8,0
CITA,2020-05-20,1650,1725,1650,1725,5400,4,0
CITY,2020-05-20,0,0,0,54,0,0,0
CKRA,2020-05-20,0,0,0,76,0,0,0
CLAY,2020-05-20,1800,1800,1795,1795,700,3,100
CLEO,2020-05-20,464,464,456,458,6095300,791,14400
CLPI,2020-05-20,685,685,655,655,300,3,0
CMNP,2020-05-20,1400,1400,1400,1400,2100,2,0
CMPP,2020-05-20,0,0,0,184,0,0,0
CNKO,2020-05-20,50,50,50,50,1900,4,0
CNTB,2020-05-20,0,0,0,250,0,0,0
CNTX,2020-05-20,0,0,0,260,0,0,0
COCO,2020-05-20,800,800,800,800,600,2,400
COWL,2020-05-20,0,0,0,50,0,0,0
CPIN,2020-05-20,4920,4940,4650,4690,14297300,4926,1722500
CPRI,2020-05-20,50,50,50,50,10000,1,0
CPRO,2020-05-20,50,50,50,50,100,1,0
CSAP,2020-05-20,350,350,350,350,200000,2,199900
CSIS,2020-05-20,50,50,50,50,1200,3,0
CSMI,2020-05-20,175,179,170,179,166600,28,0
CSRA,2020-05-20,250,254,236,254,1680300,208,0
CTBN,2020-05-20,0,0,0,2450,0,0,0
CTRA,2020-05-20,496,496,480,490,6753200,1248,-208300
CTTH,2020-05-20,50,50,50,50,7300,7,0
DADA,2020-05-20,198,200,196,197,17156100,1640,0
DART,2020-05-20,260,260,260,260,10000,1,0
DAYA,2020-05-20,0,0,0,600,0,0,0
DEAL,2020-05-20,90,96,90,95,1713200,530,0
DEFI,2020-05-20,0,0,0,1820,0,0,0
DEWA,2020-05-20,50,50,50,50,200,2,0
DFAM,2020-05-20,390,390,390,390,2500,2,0
DGIK,2020-05-20,50,50,50,50,100,1,0
DIGI,2020-05-20,0,0,0,1700,0,0,0
DILD,2020-05-20,228,228,218,222,20900,12,200
DIVA,2020-05-20,640,640,600,600,637800,94,-122400
DKFT,2020-05-20,87,94,87,91,1711200,125,0
DLTA,2020-05-20,4100,4140,4100,4140,9000,18,0
DMAS,2020-05-20,140,149,137,137,178396900,8603,13597000
DMMX,2020-05-20,82,82,78,78,3356300,265,0
DMND,2020-05-20,955,970,955,960,6400,12,0
DNAR,2020-05-20,0,0,0,175,0,0,0
DNET,2020-05-20,3530,3550,3530,3550,600,4,0
DOID,2020-05-20,127,127,120,122,18630600,903,702900
DPNS,2020-05-20,218,218,218,218,400,3,0
DPUM,2020-05-20,99,99,89,89,600,3,0
DSFI,2020-05-20,68,74,68,72,590400,147,0
DSNG,2020-05-20,316,320,316,316,900900,38,0
DSSA,2020-05-20,21000,21000,20975,20975,200,2,0
DUCK,2020-05-20,402,402,398,400,3237600,48,-115900
DUTI,2020-05-20,4550,4750,4550,4740,500,5,100
DVLA,2020-05-20,2250,2260,2150,2160,51300,18,0
DWGL,2020-05-20,230,260,220,220,26700,42,0
DYAN,2020-05-20,50,50,50,50,19200,5,0
EAST,2020-05-20,52,54,51,52,1862400,212,0
ECII,2020-05-20,650,655,630,655,14700,6,4700
EKAD,2020-05-20,910,910,895,900,42800,48,0
ELSA,2020-05-20,208,208,200,202,19627700,1010,-116100
ELTY,2020-05-20,50,50,50,50,100,1,0
EMDE,2020-05-20,0,0,0,202,0,0,0
EMTK,2020-05-20,4320,4320,4320,4320,100,1,0
ENRG,2020-05-20,50,50,50,50,3400,6,0
ENVY,2020-05-20,101,106,95,96,48784000,2602,6253500
EPMT,2020-05-20,1710,1770,1700,1765,4200,8,0
ERAA,2020-05-20,1200,1200,1130,1135,8973900,2977,123300
ERTX,2020-05-20,121,121,113,120,14600,8,0
ESIP,2020-05-20,158,158,158,158,4400,5,0
ESSA,2020-05-20,143,148,142,147,466800,189,-73400
ESTA,2020-05-20,122,122,105,105,857700,122,0
ESTI,2020-05-20,0,0,0,50,0,0,0
ETWA,2020-05-20,50,60,50,50,311500,16,0
EXCL,2020-05-20,2470,2500,2380,2400,15726700,3097,1406300
FAST,2020-05-20,1010,1010,1010,1010,900,4,0
FASW,2020-05-20,0,0,0,6850,0,0,0
FILM,2020-05-20,154,161,151,160,4804200,462,-7700
FINN,2020-05-20,0,0,0,50,0,0,0
FIRE,2020-05-20,121,134,114,118,17076700,2672,35900
FISH,2020-05-20,0,0,0,2750,0,0,0
FITT,2020-05-20,58,58,55,55,600,4,0
FMII,2020-05-20,0,0,0,680,0,0,0
FOOD,2020-05-20,85,89,85,85,29500,20,0
FORU,2020-05-20,0,0,0,81,0,0,0
FORZ,2020-05-20,50,50,50,50,100,1,0
FPNI,2020-05-20,82,87,80,81,195300,52,0
FREN,2020-05-20,99,100,95,97,56449800,5825,1937100
FUJI,2020-05-20,100,104,100,104,20600,5,0
GAMA,2020-05-20,50,50,50,50,100,1,0
GDST,2020-05-20,53,53,51,51,33100,15,0
GDYR,2020-05-20,0,0,0,1495,0,0,0
GEMA,2020-05-20,0,0,0,352,0,0,0
GEMS,2020-05-20,0,0,0,2550,0,0,0
GGRM,2020-05-20,49300,49300,46575,47525,1132700,3465,-238500
GGRP,2020-05-20,290,290,270,270,9000,8,0
GHON,2020-05-20,1400,1400,1400,1400,200,1,0
GIAA,2020-05-20,224,226,220,222,14357900,1660,1159500
GJTL,2020-05-20,386,400,360,366,39066900,4369,5000
GLOB,2020-05-20,250,250,246,246,3400,3,0
GLVA,2020-05-20,242,256,242,250,251700,16,-200000
GMFI,2020-05-20,78,78,75,76,4862800,137,0
GMTD,2020-05-20,0,0,0,17000,0,0,0
GOLD,2020-05-20,0,0,0,181,0,0,0
GOLL,2020-05-20,0,0,0,50,0,0,0
GOOD,2020-05-20,1245,1245,1205,1230,38700,36,0
GPRA,2020-05-20,50,50,50,50,42200,4,-10000
GREN,2020-05-20,0,0,0,328,0,0,0
GSMF,2020-05-20,0,0,0,113,0,0,0
GTBO,2020-05-20,76,78,75,78,60300,10,0
GWSA,2020-05-20,86,86,84,84,28700,8,0
GZCO,2020-05-20,0,0,0,50,0,0,0
HADE,2020-05-20,50,50,50,50,100,1,0
HDFA,2020-05-20,0,0,0,160,0,0,0
HDIT,2020-05-20,450,450,450,450,2500,9,0
HDTX,2020-05-20,0,0,0,120,0,0,0
HEAL,2020-05-20,3000,3010,2990,3010,338200,109,3882200
HELI,2020-05-20,175,175,173,173,4200,6,0
HERO,2020-05-20,980,980,895,910,5800,9,600
HEXA,2020-05-20,2690,2690,2590,2660,305500,45,-230000
HITS,2020-05-20,535,535,500,535,11300,5,0
HKMU,2020-05-20,72,74,69,69,46802900,908,0
HMSP,2020-05-20,1835,1845,1765,1770,48414600,7389,-11138700
HOKI,2020-05-20,680,690,670,675,11518500,911,-95400
HOME,2020-05-20,0,0,0,50,0,0,0
HOTL,2020-05-20,75,79,69,79,5800,13,3000
HRME,2020-05-20,200,200,200,200,8200,16,0
HRTA,2020-05-20,240,254,230,234,266800,188,0
HRUM,2020-05-20,1275,1290,1250,1250,71200,43,0
IATA,2020-05-20,50,50,50,50,600,3,0
IBFN,2020-05-20,0,0,0,320,0,0,0
IBST,2020-05-20,0,0,0,8200,0,0,0
ICBP,2020-05-20,9800,9900,9350,9600,11973600,5183,-4349100
ICON,2020-05-20,0,0,0,55,0,0,0
IDPR,2020-05-20,110,115,107,113,340200,58,0
IFII,2020-05-20,135,135,134,135,28500,21,0
IFSH,2020-05-20,0,0,0,280,0,0,0
IGAR,2020-05-20,236,238,230,232,368800,24,0
IIKP,2020-05-20,0,0,0,50,0,0,0
IKAI,2020-05-20,50,50,50,50,3200,2,0
IKAN,2020-05-20,328,332,322,324,916700,144,0
IKBI,2020-05-20,206,208,206,208,23000,3,0
IMAS,2020-05-20,492,498,492,498,113600,48,0
IMJS,2020-05-20,124,126,123,125,792700,47,0
IMPC,2020-05-20,1085,1090,1080,1090,637500,24,0
INAF,2020-05-20,985,985,930,945,1987700,761,96600
INAI,2020-05-20,344,368,344,368,1700,8,0
INCF,2020-05-20,50,50,50,50,2700,12,0
INCI,2020-05-20,374,404,374,404,500,2,0
INCO,2020-05-20,2950,2980,2900,2960,4350500,1289,165100
INDF,2020-05-20,6750,6750,6300,6425,14400700,8185,-1310300
INDO,2020-05-20,73,79,73,78,66100,39,0
INDR,2020-05-20,2160,2160,2120,2120,1400,10,300
INDS,2020-05-20,1850,1900,1825,1825,300,3,0
INDX,2020-05-20,50,50,50,50,1100,1,0
INDY,2020-05-20,695,700,680,690,1957000,1315,613200
INKP,2020-05-20,5100,5100,4850,4890,4750900,2194,-622200
INOV,2020-05-20,298,320,298,320,801500,35,0
INPC,2020-05-20,51,51,50,51,43900,12,0
INPP,2020-05-20,715,725,675,710,70800,19,0
INPS,2020-05-20,3460,3500,3370,3460,943700,46,600
INRU,2020-05-20,870,870,870,870,200,1,0
INTA,2020-05-20,0,0,0,270,0,0,0
INTD,2020-05-20,0,0,0,248,0,0,0
INTP,2020-05-20,10800,11000,10525,10775,1945000,2455,1500700
IPCC,2020-05-20,318,324,310,318,1524500,231,0
IPCM,2020-05-20,175,181,175,175,6000,11,0
IPOL,2020-05-20,62,62,61,61,178100,5,0
IPTV,2020-05-20,386,390,382,386,14853800,11455,283600
IRRA,2020-05-20,550,550,540,550,2380500,210,4700
ISAT,2020-05-20,2000,2030,1975,1975,2048000,1273,197900
ISSP,2020-05-20,118,119,110,111,12629100,955,6986600
ITIC,2020-05-20,1940,2160,1800,1810,2045400,2639,-35900
ITMA,2020-05-20,0,0,0,410,0,0,0
ITMG,2020-05-20,7850,7850,7625,7675,952900,1571,579700
JAST,2020-05-20,132,132,132,132,2808500,178,-931400
JAWA,2020-05-20,62,62,61,61,8600,11,0
JAYA,2020-05-20,55,61,55,56,2200,15,0
JECC,2020-05-20,0,0,0,6950,0,0,0
JGLE,2020-05-20,0,0,0,50,0,0,0
JIHD,2020-05-20,450,450,450,450,29400,4,29400
JKON,2020-05-20,420,420,420,420,400,3,400
JKSW,2020-05-20,0,0,0,60,0,0,0
JMAS,2020-05-20,166,214,166,214,32800,16,0
JPFA,2020-05-20,895,905,890,895,11824900,2315,-595500
JRPT,2020-05-20,404,410,402,408,960600,93,92400
JSKY,2020-05-20,80,87,80,84,2963700,563,400
JSMR,2020-05-20,3700,3700,3550,3700,10748200,2954,2497955
JSPT,2020-05-20,0,0,0,1060,0,0,0
JTPE,2020-05-20,725,725,720,720,145900,22,25200
KAEF,2020-05-20,1215,1215,1190,1200,2299000,785,136100
KARW,2020-05-20,50,50,50,50,1000,1,0
KAYU,2020-05-20,50,50,50,50,46500,14,0
KBAG,2020-05-20,296,304,290,300,21319900,3308,-30000
KBLI,2020-05-20,400,408,398,398,298700,101,71200
KBLM,2020-05-20,302,302,290,290,12700,21,3100
KBLV,2020-05-20,0,0,0,330,0,0,0
KBRI,2020-05-20,0,0,0,50,0,0,0
KDSI,2020-05-20,700,705,700,705,3100,4,0
KEEN,2020-05-20,268,296,252,292,3452900,109,1110100
KEJU,2020-05-20,715,750,685,745,92300,36,0
KIAS,2020-05-20,0,0,0,50,0,0,0
KICI,2020-05-20,0,0,0,200,0,0,0
KIJA,2020-05-20,134,135,133,135,565200,68,1850442
KINO,2020-05-20,2670,2680,2600,2630,2315700,578,494700
KIOS,2020-05-20,196,196,195,195,2400,8,0
KJEN,2020-05-20,0,0,0,1260,0,0,0
KKGI,2020-05-20,0,0,0,194,0,0,0
KLBF,2020-05-20,1400,1400,1315,1340,50884000,6064,29807000
KMTR,2020-05-20,226,226,226,226,200,2,0
KOBX,2020-05-20,85,89,84,85,190300,74,0
KOIN,2020-05-20,0,0,0,100,0,0,0
KONI,2020-05-20,0,0,0,428,0,0,0
KOPI,2020-05-20,555,555,555,555,29900,14,0
KOTA,2020-05-20,500,620,492,600,4325900,219,0
KPAL,2020-05-20,69,74,61,63,21388800,1884,0
KPAS,2020-05-20,50,50,50,50,62500,12,0
KPIG,2020-05-20,113,114,110,114,1314100,45,-1076800
KRAH,2020-05-20,498,498,498,498,1400,4,0
KRAS,2020-05-20,176,181,173,175,9312200,813,2419500
KREN,2020-05-20,76,101,76,76,154558400,9990,30851800
LAND,2020-05-20,240,268,240,260,436500,70,0
LAPD,2020-05-20,0,0,0,50,0,0,0
LCGP,2020-05-20,0,0,0,114,0,0,0
LCKM,2020-05-20,370,370,368,370,6300,7,0
LEAD,2020-05-20,50,50,50,50,100,1,0
LIFE,2020-05-20,0,0,0,5125,0,0,0
LINK,2020-05-20,2670,2670,2500,2500,375800,970,136100
LION,2020-05-20,232,240,232,240,5900,5,0
LMAS,2020-05-20,50,50,50,50,3300,5,0
LMPI,2020-05-20,85,85,85,85,100,1,0
LMSH,2020-05-20,246,246,246,246,100,1,0
LPCK,2020-05-20,645,665,630,665,1017500,83,4000
LPGI,2020-05-20,0,0,0,3700,0,0,0
LPIN,2020-05-20,214,214,206,206,1300,3,0
LPKR,2020-05-20,144,145,135,143,21830400,1078,11586100
LPLI,2020-05-20,55,68,55,57,5000,4,0
LPPF,2020-05-20,1345,1390,1300,1355,13499300,4233,2741100
LPPS,2020-05-20,76,78,71,76,2900,18,0
LRNA,2020-05-20,0,0,0,148,0,0,0
LSIP,2020-05-20,750,755,710,710,10060400,905,2369100
LTLS,2020-05-20,392,400,392,400,12700,10,0
LUCK,2020-05-20,300,320,286,318,1132900,317,0
MABA,2020-05-20,0,0,0,50,0,0,0
MAGP,2020-05-20,0,0,0,50,0,0,0
MAIN,2020-05-20,520,525,494,500,13809600,2106,2485500
MAMI,2020-05-20,50,50,50,50,7600,7,0
MAMIP,2020-05-20,0,0,0,600,0,0,0
MAPA,2020-05-20,2270,2270,2210,2230,227400,82,31100
MAPB,2020-05-20,1570,1695,1545,1695,4800,7,0
MAPI,2020-05-20,715,725,685,700,39341300,2576,14195600
MARI,2020-05-20,131,132,123,132,186200,28,0
MARK,2020-05-20,372,418,372,400,20132200,1995,-1207500
MASA,2020-05-20,392,392,392,392,49600,4,0
MAYA,2020-05-20,0,0,0,6500,0,0,0
MBAP,2020-05-20,1595,1595,1550,1575,16100,19,0
MBSS,2020-05-20,302,306,302,304,442900,63,0
MBTO,2020-05-20,64,64,52,55,27000,22,25000
MCAS,2020-05-20,680,720,655,665,3031800,462,-238200
MCOR,2020-05-20,115,118,114,116,841300,84,0
MDIA,2020-05-20,0,0,0,50,0,0,0
MDKA,2020-05-20,1350,1380,1310,1350,51766100,3170,-8915600
MDKI,2020-05-20,120,135,120,131,5300,20,0
MDLN,2020-05-20,50,50,50,50,4565400,94,0
MDRN,2020-05-20,50,50,50,50,100,1,0
MEDC,2020-05-20,484,486,460,460,58194600,2722,-228700
MEGA,2020-05-20,6100,6200,6100,6200,3600,6,2500
MERK,2020-05-20,2150,2150,2080,2150,109400,48,0
META,2020-05-20,92,92,89,90,349200,26,0
MFIN,2020-05-20,870,870,845,845,10700,5,1400
MFMI,2020-05-20,510,510,484,484,22300,15,0
MGNA,2020-05-20,0,0,0,50,0,0,0
MGRO,2020-05-20,700,705,695,705,4526500,282,0
MICE,2020-05-20,316,316,294,294,16000,17,0
MIDI,2020-05-20,1490,1490,1490,1490,100,1,0
MIKA,2020-05-20,2360,2360,2200,2320,5949200,1522,-2363700
MINA,2020-05-20,50,50,50,50,500,2,0
MIRA,2020-05-20,0,0,0,50,0,0,0
MITI,2020-05-20,0,0,0,51,0,0,0
MKNT,2020-05-20,50,50,50,50,800,2,0
MKPI,2020-05-20,0,0,0,15850,0,0,0
MLBI,2020-05-20,9850,9900,9825,9825,51500,38,-37300
MLIA,2020-05-20,496,498,494,496,5806100,195,39400
MLPL,2020-05-20,51,51,50,50,1076900,22,0
MLPT,2020-05-20,416,500,416,440,42900,12,0
MMLP,2020-05-20,138,140,136,139,205200,37,0
MNCN,2020-05-20,875,880,845,855,39118900,5462,-20214700
MOLI,2020-05-20,0,0,0,1135,0,0,0
MPMX,2020-05-20,580,585,560,570,1054300,403,95200
MPOW,2020-05-20,62,69,58,58,258400,66,0
MPPA,2020-05-20,111,112,108,110,1020300,65,-72500
MPRO,2020-05-20,0,0,0,925,0,0,0
MRAT,2020-05-20,124,125,121,125,900,5,-500
MREI,2020-05-20,0,0,0,6950,0,0,0
MSIN,2020-05-20,310,312,302,312,138400,23,1600
MSKY,2020-05-20,0,0,0,1000,0,0,0
MTDL,2020-05-20,1220,1230,1200,1225,342800,261,34500
MTFN,2020-05-20,0,0,0,50,0,0,0
MTLA,2020-05-20,372,372,372,372,900,3,0
MTPS,2020-05-20,149,160,148,148,106200,73,0
MTRA,2020-05-20,0,0,0,244,0,0,0
MTSM,2020-05-20,166,166,166,166,1000,2,0
MTWI,2020-05-20,52,53,50,50,221500,17,0
MYOH,2020-05-20,1045,1045,1015,1025,48300,27,20000
MYOR,2020-05-20,2120,2140,2090,2140,1871300,622,1819200
MYRX,2020-05-20,0,0,0,50,0,0,0
MYRXP,2020-05-20,0,0,0,50,0,0,0
MYTX,2020-05-20,54,54,51,51,5200,4,0
NASA,2020-05-20,240,240,182,200,15000,22,3500
NATO,2020-05-20,645,645,600,630,2543600,352,78800
NELY,2020-05-20,134,150,134,135,2800,24,0
NFCX,2020-05-20,1400,1400,1305,1400,2100,8,0
NICK,2020-05-20,0,0,0,334,0,0,0
NIKL,2020-05-20,414,424,410,414,381100,169,7300
NIPS,2020-05-20,0,0,0,282,0,0,0
NIRO,2020-05-20,138,140,138,140,300,2,0
NISP,2020-05-20,700,705,690,705,11300,17,0
NOBU,2020-05-20,0,0,0,755,0,0,0
NRCA,2020-05-20,330,336,330,334,512400,52,0
NUSA,2020-05-20,50,50,50,50,100,1,0
NZIA,2020-05-20,140,148,138,138,53100,31,0
OASA,2020-05-20,400,400,354,360,700,4,0
OCAP,2020-05-20,175,175,175,175,100,1,0
OKAS,2020-05-20,75,85,75,75,11753200,475,0
OMRE,2020-05-20,0,0,0,340,0,0,0
OPMS,2020-05-20,89,90,89,90,100600,26,0
PADI,2020-05-20,50,50,50,50,5100,3,0
PALM,2020-05-20,208,208,196,196,2000,5,0
PAMG,2020-05-20,65,69,63,65,2144800,318,0
PANI,2020-05-20,0,0,0,74,0,0,0
PANR,2020-05-20,79,105,79,105,24458700,1965,-1939700
PANS,2020-05-20,750,750,725,740,47900,24,0
PBID,2020-05-20,905,910,890,910,6300,7,-2400
PBRX,2020-05-20,218,220,214,216,1037600,106,-778400
PBSA,2020-05-20,0,0,0,750,0,0,0
PCAR,2020-05-20,192,218,192,218,800,7,0
PDES,2020-05-20,390,410,390,410,1200,4,0
PEGE,2020-05-20,0,0,0,172,0,0,0
PEHA,2020-05-20,1000,1010,980,1005,195700,33,0
PGAS,2020-05-20,840,850,820,830,86715700,5567,19141200
PGJO,2020-05-20,93,93,91,92,3700,6,0
PGLI,2020-05-20,0,0,0,298,0,0,0
PICO,2020-05-20,165,165,154,159,105400,33,0
PJAA,2020-05-20,420,426,416,420,233500,25,0
PKPK,2020-05-20,0,0,0,50,0,0,0
PLAS,2020-05-20,0,0,0,50,0,0,0
PLIN,2020-05-20,2090,2180,2050,2140,2200,10,0
PMJS,2020-05-20,127,127,127,127,38500,6,0
PNBN,2020-05-20,685,690,670,670,1335800,176,11700
PNBS,2020-05-20,50,50,50,50,3500,6,0
PNIN,2020-05-20,790,790,760,760,249300,22,102800
PNLF,2020-05-20,163,166,163,164,3489100,466,-900400
PNSE,2020-05-20,0,0,0,555,0,0,0
POLA,2020-05-20,68,78,68,68,3256500,1344,0
POLI,2020-05-20,1200,1200,1050,1095,600,6,0
POLL,2020-05-20,9375,9400,8725,8725,124100,177,33800
POLU,2020-05-20,755,960,755,900,1200,10,0
POLY,2020-05-20,50,50,50,50,600,2,0
POOL,2020-05-20,50,50,50,50,3500,2,0
PORT,2020-05-20,700,700,640,640,800,3,0
POSA,2020-05-20,50,50,50,50,100,1,0
POWR,2020-05-20,580,585,570,575,672200,182,378600
PPRE,2020-05-20,183,190,182,188,22551000,3025,8400
PPRO,2020-05-20,50,50,50,50,3270500,166,2310000
PRAS,2020-05-20,0,0,0,168,0,0,0
PRDA,2020-05-20,3200,3200,3200,3200,1600,5,100
PRIM,2020-05-20,244,278,242,278,3716600,33,0
PSAB,2020-05-20,192,194,189,190,11948100,783,173900
PSDN,2020-05-20,123,133,122,129,1100,7,0
PSGO,2020-05-20,105,108,105,108,11300,7,0
PSKT,2020-05-20,0,0,0,50,0,0,0
PSSI,2020-05-20,137,140,137,140,2100,10,0
PTBA,2020-05-20,1920,1935,1890,1920,24247000,3185,2160500
PTIS,2020-05-20,175,185,156,182,43000,11,0
PTPP,2020-05-20,650,650,630,640,15365000,1979,292700
PTPW,2020-05-20,805,810,785,785,2149000,205,0
PTRO,2020-05-20,1240,1245,1200,1215,499600,257,0
PTSN,2020-05-20,158,176,156,163,4854300,957,-79000
PTSP,2020-05-20,0,0,0,3620,0,0,0
PUDP,2020-05-20,0,0,0,242,0,0,0
PURA,2020-05-20,76,84,72,83,99280500,20897,-40000
PURE,2020-05-20,91,95,90,91,1403900,168,0
PWON,2020-05-20,342,346,334,340,39016400,4927,11345775
PYFA,2020-05-20,390,418,382,398,624200,102,0
PZZA,2020-05-20,685,705,680,705,167000,78,-126400
R-ABFII,2020-05-20,0,0,0,28600,0,0,0
RAJA,2020-05-20,91,92,90,91,1369300,203,0
RALS,2020-05-20,610,610,580,585,10989100,1792,8201500
RANC,2020-05-20,354,354,350,350,200,2,0
RBMS,2020-05-20,0,0,0,50,0,0,0
RDTX,2020-05-20,4970,4970,4800,4900,3500,5,0
REAL,2020-05-20,55,60,54,58,243885700,17858,-4000500
RELI,2020-05-20,0,0,0,288,0,0,0
RICY,2020-05-20,98,101,97,97,68600,70,-15000
RIGS,2020-05-20,195,199,190,191,20000,32,0
RIMO,2020-05-20,0,0,0,50,0,0,0
RISE,2020-05-20,422,422,420,422,420800,144,0
RMBA,2020-05-20,240,256,240,256,2100,3,0
RODA,2020-05-20,50,50,50,50,3300,4,0
RONY,2020-05-20,191,192,190,190,32000,30,0
ROTI,2020-05-20,1225,1225,1210,1220,1567100,82,4583200
RUIS,2020-05-20,172,173,161,167,48400,47,0
SAFE,2020-05-20,189,190,188,189,276500,51,0
SAME,2020-05-20,100,109,94,98,202400,66,100100
SAMF,2020-05-20,412,412,396,412,42100,19,0
SAPX,2020-05-20,0,0,0,1460,0,0,0
SATU,2020-05-20,0,0,0,50,0,0,0
SBAT,2020-05-20,111,115,108,112,13141700,650,0
SCCO,2020-05-20,9225,9225,9225,9225,100,1,0
SCMA,2020-05-20,820,825,805,805,5461900,748,156900
SCPI,2020-05-20,0,0,0,29000,0,0,0
SDMU,2020-05-20,50,50,50,50,5200,3,0
SDPC,2020-05-20,94,94,94,94,12200,13,0
SDRA,2020-05-20,1000,1000,940,940,800,5,0
SFAN,2020-05-20,665,670,655,670,5500,13,0
SGRO,2020-05-20,2500,2500,2470,2490,10100,9,6400
SHID,2020-05-20,0,0,0,3700,0,0,0
SHIP,2020-05-20,650,650,625,645,263600,70,0
SIDO,2020-05-20,1235,1250,1225,1235,3150200,680,-3433700
SILO,2020-05-20,5500,5500,5475,5500,11100,34,-6600
SIMA,2020-05-20,0,0,0,50,0,0,0
SIMP,2020-05-20,210,210,206,208,2884200,292,-78700
SINI,2020-05-20,1020,1055,1020,1055,600,3,0
SIPD,2020-05-20,1175,1200,1175,1200,11800,6,0
SKBM,2020-05-20,390,390,370,370,200,2,0
SKLT,2020-05-20,0,0,0,1610,0,0,0
SKRN,2020-05-20,550,620,550,620,3836500,286,0
SKYB,2020-05-20,0,0,0,51,0,0,0
SLIS,2020-05-20,4950,5100,4950,5050,221600,63,0
SMAR,2020-05-20,2790,2880,2790,2880,400,3,0
SMBR,2020-05-20,286,286,278,282,1595700,333,35800
SMCB,2020-05-20,1035,1035,1005,1015,21500,41,0
SMDM,2020-05-20,89,95,87,95,20200,13,0
SMDR,2020-05-20,147,148,146,147,66400,16,0
SMGR,2020-05-20,8600,8675,8450,8525,3420300,1500,-569000
SMKL,2020-05-20,0,0,0,184,0,0,0
SMMA,2020-05-20,0,0,0,12200,0,0,0
SMMT,2020-05-20,80,84,80,84,10600,8,0
SMRA,2020-05-20,424,426,414,418,18755000,1545,2997800
SMRU,2020-05-20,0,0,0,50,0,0,0
SMSM,2020-05-20,1140,1150,1125,1125,1519500,505,57800
SOCI,2020-05-20,127,128,123,126,6565900,531,-26000
SONA,2020-05-20,0,0,0,5000,0,0,0
SOSS,2020-05-20,388,416,388,416,1900,11,0
SOTS,2020-05-20,0,0,0,193,0,0,0
SPMA,2020-05-20,280,280,280,280,500,1,0
SPTO,2020-05-20,525,525,515,515,200,2,100
SQMI,2020-05-20,181,192,181,188,1455900,193,0
SRAJ,2020-05-20,138,138,125,130,150300,55,0
SRIL,2020-05-20,149,150,148,148,13040400,785,7196100
SRSN,2020-05-20,53,54,52,53,1680500,98,0
SRTG,2020-05-20,2800,2840,2760,2810,261300,185,-71900
SSIA,2020-05-20,288,294,284,292,9214100,593,2499400
SSMS,2020-05-20,960,965,925,930,236000,133,65300
SSTM,2020-05-20,0,0,0,615,0,0,0
STAR,2020-05-20,138,138,132,138,21800,6,0
STTP,2020-05-20,0,0,0,10100,0,0,0
SUGI,2020-05-20,0,0,0,50,0,0,0
SULI,2020-05-20,50,50,50,50,900,1,0
SUPR,2020-05-20,0,0,0,4000,0,0,0
SURE,2020-05-20,2890,2890,2890,2890,1000,1,0
SWAT,2020-05-20,90,91,87,90,1158500,87,0
TALF,2020-05-20,280,280,280,280,100,1,0
TAMA,2020-05-20,147,147,146,146,3100,2,0
TAMU,2020-05-20,80,82,80,80,172500,36,154600
TARA,2020-05-20,0,0,0,198,0,0,0
TAXI,2020-05-20,50,50,50,50,200,2,0
TBIG,2020-05-20,1080,1080,1030,1045,21527500,2151,13876800
TBLA,2020-05-20,530,570,515,540,3405400,511,1611000
TBMS,2020-05-20,625,640,620,640,700,4,0
TCID,2020-05-20,7800,7975,7700,7975,700,6,-200
TCPI,2020-05-20,4880,5000,4750,4840,9670200,6063,52400
TDPM,2020-05-20,100,101,97,99,5228600,267,-2397000
TEBE,2020-05-20,0,0,0,1615,0,0,0
TELE,2020-05-20,115,116,108,110,38030700,2309,-95200
TFAS,2020-05-20,140,150,136,150,4900,11,0
TFCO,2020-05-20,498,500,444,478,2100,7,0
TGKA,2020-05-20,5750,5750,5750,5750,100,1,0
TGRA,2020-05-20,65,69,65,65,1492000,172,0
TIFA,2020-05-20,196,196,195,195,3200,3,0
TINS,2020-05-20,464,466,458,460,9778900,1002,2154600
TIRA,2020-05-20,276,278,276,278,1800,3,0
TIRT,2020-05-20,55,55,55,55,200,1,0
TKIM,2020-05-20,4070,4120,4030,4030,5649400,3782,3299800
TLKM,2020-05-20,3200,3260,3180,3180,76086600,11165,-11648440
TMAS,2020-05-20,88,92,88,90,524500,55,0
TMPO,2020-05-20,0,0,0,126,0,0,0
TNCA,2020-05-20,0,0,0,260,0,0,0
TOBA,2020-05-20,334,334,334,334,100,1,0
TOPS,2020-05-20,50,50,50,50,2700,3,-100
TOTL,2020-05-20,272,272,264,268,2172700,163,315600
TOTO,2020-05-20,216,216,210,210,3200,12,0
TOWR,2020-05-20,920,920,905,920,75875400,3743,-23579565
TPIA,2020-05-20,6550,7050,6550,6925,8240400,4484,-322100
TPMA,2020-05-20,226,226,226,226,700,1,0
TRAM,2020-05-20,0,0,0,50,0,0,0
TRIL,2020-05-20,0,0,0,50,0,0,0
TRIM,2020-05-20,0,0,0,126,0,0,0
TRIN,2020-05-20,256,260,246,246,12440100,506,0
TRIO,2020-05-20,0,0,0,426,0,0,0
TRIS,2020-05-20,238,238,224,234,400,4,0
TRST,2020-05-20,0,0,0,352,0,0,0
TRUK,2020-05-20,99,100,99,99,341900,35,0
TRUS,2020-05-20,360,360,356,356,19800,11,0
TSPC,2020-05-20,1160,1160,1155,1160,5800,10,0
TUGU,2020-05-20,2800,3400,2790,2790,104700,14,-70000
TURI,2020-05-20,1410,1410,1410,1410,11400,1,0
UCID,2020-05-20,1580,1625,1565,1625,194300,156,11900
ULTJ,2020-05-20,1500,1505,1450,1500,534100,205,-129400
UNIC,2020-05-20,3150,3150,3150,3150,100,1,0
UNIT,2020-05-20,159,165,154,154,16700,5,0
UNSP,2020-05-20,50,51,50,50,1230900,31,0
UNTR,2020-05-20,14700,14875,14400,14600,3078900,4477,-983900
UNVR,2020-05-20,8250,8350,8000,8050,16948600,9098,-7858855
URBN,2020-05-20,1675,1680,1675,1680,4300,5,0
VICO,2020-05-20,98,98,98,98,200,1,0
VINS,2020-05-20,117,117,109,109,400,3,0
VIVA,2020-05-20,50,50,50,50,100,1,0
VOKS,2020-05-20,242,254,238,250,45600,22,0
VRNA,2020-05-20,0,0,0,135,0,0,0
WAPO,2020-05-20,67,67,67,67,200,1,0
WEGE,2020-05-20,154,156,152,155,8430000,774,-216400
WEHA,2020-05-20,79,80,77,78,664800,127,0
WICO,2020-05-20,600,600,595,600,300,3,0
WIIM,2020-05-20,117,117,113,115,824500,170,0
WIKA,2020-05-20,960,970,935,960,19385900,3589,745800
WINS,2020-05-20,70,70,64,64,6500,7,0
WOMF,2020-05-20,188,190,188,189,42500,14,0
WOOD,2020-05-20,362,362,348,350,12171400,753,669600
WOWS,2020-05-20,50,50,50,50,644500,17,0
WSBP,2020-05-20,154,155,151,153,50802600,1951,2604800
WSKT,2020-05-20,585,590,565,580,20162500,1751,-375700
WTON,2020-05-20,222,222,216,218,13978300,651,730700
XMJM,2020-05-20,0,0,0,1001,0,0,0
XPMI,2020-05-20,677,677,677,677,100,0,0
XSMU,2020-05-20,92,92,92,92,1100,0,0
XSPI,2020-05-20,0,0,0,750,0,0,0
YELO,2020-05-20,50,50,50,50,10000,2,0
YPAS,2020-05-20,505,505,505,505,100,1,0
YULE,2020-05-20,189,189,188,188,300,3,0
ZBRA,2020-05-20,0,0,0,50,0,0,0
ZINC,2020-05-20,141,144,134,137,149549900,1344,-1977700
ZONE,2020-05-20,418,420,416,416,117600,37,0
