AALI,2019-11-19,12425,12625,12225,12600,612200,674,86000
ABBA,2019-11-19,104,124,104,124,147554400,7135,-3814000
ABDA,2019-11-19,0,0,0,6975,0,0,0
ABMM,2019-11-19,1345,1355,1340,1355,3300,9,0
ACES,2019-11-19,1700,1700,1630,1640,33278800,6522,13141200
ACST,2019-11-19,1135,1140,1110,1120,453200,232,180600
ADES,2019-11-19,1085,1085,1040,1070,78400,29,0
ADHI,2019-11-19,1210,1230,1205,1215,3935800,952,-97100
ADMF,2019-11-19,10575,10575,10375,10475,134700,129,88900
ADMG,2019-11-19,192,193,190,192,156600,28,-103300
ADRO,2019-11-19,1340,1350,1290,1320,41076600,4206,-5902600
AGII,2019-11-19,590,590,580,585,54900,37,0
AGRO,2019-11-19,191,192,185,189,2772800,357,0
AGRS,2019-11-19,178,178,170,176,26300,34,0
AHAP,2019-11-19,57,67,57,64,636600,112,0
AIMS,2019-11-19,0,0,0,180,0,0,0
AISA,2019-11-19,0,0,0,168,0,0,0
AKKU,2019-11-19,50,50,50,50,20200,13,0
AKPI,2019-11-19,396,412,380,392,55900,24,-45400
AKRA,2019-11-19,3640,3720,3600,3680,17524600,3262,3840200
AKSI,2019-11-19,800,805,790,795,2637100,172,143900
ALDO,2019-11-19,380,382,378,380,70500,17,0
ALKA,2019-11-19,520,520,510,510,200,2,0
ALMI,2019-11-19,328,328,252,298,16100,17,0
ALTO,2019-11-19,386,388,384,388,3481500,130,0
AMAG,2019-11-19,0,0,0,306,0,0,0
AMFG,2019-11-19,3440,3450,3440,3450,51000,16,0
AMIN,2019-11-19,304,306,290,290,3000,8,0
AMRT,2019-11-19,875,880,870,875,249300,111,188600
ANDI,2019-11-19,142,178,140,147,15094500,3568,-33200
ANJT,2019-11-19,895,900,895,900,179100,13,0
ANTM,2019-11-19,820,835,815,835,35948500,3725,-2680300
APEX,2019-11-19,404,404,404,404,6000,6,5400
APIC,2019-11-19,650,655,640,650,23362800,1153,554900
APII,2019-11-19,180,180,171,171,10600,7,0
APLI,2019-11-19,145,149,138,141,142100,54,0
APLN,2019-11-19,189,196,188,196,27905600,2074,-3288700
APOL,2019-11-19,0,0,0,50,0,0,0
ARGO,2019-11-19,0,0,0,825,0,0,0
ARII,2019-11-19,640,640,640,640,200,1,0
ARKA,2019-11-19,1585,1595,1220,1550,266200,111,0
ARMY,2019-11-19,73,75,56,60,40196500,1492,-3875400
ARNA,2019-11-19,490,490,488,490,51400,30,7700
ARTA,2019-11-19,332,356,332,356,1100,2,0
ARTI,2019-11-19,50,50,50,50,100,1,0
ARTO,2019-11-19,3100,3350,2850,2850,205600,429,0
ASBI,2019-11-19,298,298,298,298,1300,4,0
ASDM,2019-11-19,0,0,0,1040,0,0,0
ASGR,2019-11-19,955,960,950,955,152300,48,0
ASII,2019-11-19,6650,6700,6575,6650,18139800,3765,-1451558
ASJT,2019-11-19,185,192,184,189,121100,26,0
ASMI,2019-11-19,950,950,945,950,10500,10,3000
ASRI,2019-11-19,260,262,256,258,2498600,406,114800
ASRM,2019-11-19,0,0,0,2000,0,0,0
ASSA,2019-11-19,695,735,695,725,13147200,621,428700
ATIC,2019-11-19,780,780,780,780,100,1,0
AUTO,2019-11-19,1280,1290,1250,1260,399400,163,147400
BABP,2019-11-19,50,50,50,50,309000,41,0
BABP-W3,2019-11-19,32,32,32,32,10000,0,0
BACA,2019-11-19,268,284,268,282,387000,39,0
BAJA,2019-11-19,73,74,69,70,238200,66,0
BALI,2019-11-19,1225,1275,1225,1275,300,3,0
BAPA,2019-11-19,73,74,73,73,30700,6,0
BAPI,2019-11-19,50,50,50,50,129200,31,0
BATA,2019-11-19,670,670,650,650,500,5,0
BAYU,2019-11-19,1600,1600,1600,1600,100,1,0
BBCA,2019-11-19,31650,31750,31500,31575,12023000,4915,-4212379
BBHI,2019-11-19,161,172,159,169,2800,15,0
BBKP,2019-11-19,252,256,248,250,4011500,398,2019300
BBLD,2019-11-19,0,0,0,426,0,0,0
BBMD,2019-11-19,0,0,0,2390,0,0,0
BBNI,2019-11-19,7475,7600,7375,7600,21053100,4169,2662982
BBRI,2019-11-19,4150,4190,4080,4190,141181200,11335,-31195677
BBRM,2019-11-19,50,50,50,50,100,1,0
BBTN,2019-11-19,1965,2090,1940,2070,78341200,9881,-658600
BBYB,2019-11-19,290,290,290,290,15900,5,-15000
BCAP,2019-11-19,140,150,137,148,6712100,7369,-588400
BCIC,2019-11-19,0,0,0,450,0,0,0
BCIP,2019-11-19,81,82,80,81,856100,28,0
BDMN,2019-11-19,3970,3980,3910,3910,2410800,977,-54600
BEEF,2019-11-19,372,378,366,372,5304800,477,58200
BEKS,2019-11-19,50,50,50,50,5800,9,0
BELL,2019-11-19,520,520,520,520,58800,23,0
BEST,2019-11-19,228,228,210,214,23262400,1410,6146600
BFIN,2019-11-19,590,595,575,580,2145600,80,2025600
BGTG,2019-11-19,66,66,64,65,675400,62,0
BHIT,2019-11-19,69,70,67,68,30541900,444,26783000
BIKA,2019-11-19,194,194,194,194,200,1,0
BIMA,2019-11-19,50,50,50,50,500,2,0
BINA,2019-11-19,875,880,840,845,336600,34,50000
BIPI,2019-11-19,50,50,50,50,27000,3,0
BIPP,2019-11-19,68,68,68,68,2200,3,0
BIRD,2019-11-19,2040,2150,1990,2150,1754400,460,559100
BISI,2019-11-19,1100,1100,1080,1090,192900,69,105700
BJBR,2019-11-19,1605,1635,1595,1605,2255100,681,-802000
BJTM,2019-11-19,700,705,695,700,6037000,453,-4469700
BKDP,2019-11-19,58,58,55,55,200,2,0
BKSL,2019-11-19,107,108,105,107,11918500,424,-495500
BKSW,2019-11-19,156,170,154,154,3100,12,0
BLTA,2019-11-19,50,50,50,50,500,2,500
BLTZ,2019-11-19,0,0,0,3150,0,0,0
BLUE,2019-11-19,498,500,496,500,14500,16,0
BMAS,2019-11-19,0,0,0,314,0,0,0
BMRI,2019-11-19,7025,7150,6950,7150,33503100,5761,-7281249
BMSR,2019-11-19,138,170,110,118,1716200,586,0
BMTR,2019-11-19,390,402,390,396,22248500,1708,-1528900
BNBA,2019-11-19,310,316,310,316,192500,18,-35200
BNBR,2019-11-19,50,50,50,50,200,2,0
BNGA,2019-11-19,945,960,940,955,2521900,199,92526
BNII,2019-11-19,212,218,212,214,309900,68,-99200
BNLI,2019-11-19,1110,1130,995,1035,91582900,6378,2179800
BOGA,2019-11-19,810,860,810,860,7206200,646,-6000
BOLA,2019-11-19,354,358,352,358,171000,45,0
BOLT,2019-11-19,825,825,815,820,113300,124,0
BORN,2019-11-19,0,0,0,50,0,0,0
BOSS,2019-11-19,206,246,173,193,18426800,3522,1500
BPFI,2019-11-19,1205,1205,1205,1205,2000,1,-2000
BPII,2019-11-19,0,0,0,10000,0,0,0
BPTR,2019-11-19,93,98,92,95,394600,41,0
BRAM,2019-11-19,0,0,0,11250,0,0,0
BRIS,2019-11-19,372,374,364,370,2940100,550,-1500
BRMS,2019-11-19,54,55,51,52,155855700,1142,-4000000
BRNA,2019-11-19,1095,1100,1095,1100,6000,3,-6000
BRPT,2019-11-19,1135,1245,1135,1245,81109500,9174,-9655200
BSDE,2019-11-19,1360,1390,1355,1390,5875900,1704,-2327400
BSIM,2019-11-19,565,570,565,565,3900,10,0
BSIM-W3,2019-11-19,35,49,27,27,19600,0,0
BSSR,2019-11-19,1800,1830,1800,1830,600,3,0
BSWD,2019-11-19,0,0,0,1750,0,0,0
BTEK,2019-11-19,50,50,50,50,313900,43,0
BTEL,2019-11-19,0,0,0,50,0,0,0
BTON,2019-11-19,190,199,190,192,67800,25,0
BTPN,2019-11-19,3200,3200,3130,3180,40200,36,0
BTPS,2019-11-19,3800,3860,3740,3810,5695400,2354,-801800
BUDI,2019-11-19,101,102,100,100,986400,37,0
BUKK,2019-11-19,1505,1735,1505,1545,18900,32,0
BULL,2019-11-19,181,184,181,183,16517600,118,1103100
BUMI,2019-11-19,78,79,77,77,53905200,1102,-3737800
BUVA,2019-11-19,82,85,79,79,326500,23,0
BVIC,2019-11-19,165,170,161,167,51500,18,-19300
BWPT,2019-11-19,99,100,90,92,100038400,3235,-1103900
BYAN,2019-11-19,15500,15500,15100,15100,6700,15,6400
CAKK,2019-11-19,68,78,68,75,1800500,245,0
CAMP,2019-11-19,376,380,368,372,437600,289,0
CANI,2019-11-19,156,156,130,153,800,8,0
CARS,2019-11-19,200,212,200,208,5453300,64,-900
CASA,2019-11-19,374,374,368,372,12140100,678,148400
CASS,2019-11-19,0,0,0,630,0,0,0
CCSI,2019-11-19,258,260,246,250,2768200,354,0
CEKA,2019-11-19,1575,1575,1550,1550,59400,65,0
CENT,2019-11-19,60,65,60,64,829900,55,0
CFIN,2019-11-19,270,270,268,270,3659000,88,3429200
CINT,2019-11-19,248,252,248,252,26300,7,0
CITA,2019-11-19,0,0,0,1900,0,0,0
CITY,2019-11-19,200,202,165,165,10053000,8893,-24200
CKRA,2019-11-19,0,0,0,76,0,0,0
CLAY,2019-11-19,4470,4500,4430,4490,2452900,309,17900
CLEO,2019-11-19,525,530,520,525,8358500,562,0
CLPI,2019-11-19,780,785,765,785,126800,33,0
CMNP,2019-11-19,1825,1825,1825,1825,400,2,0
CMPP,2019-11-19,0,0,0,184,0,0,0
CNKO,2019-11-19,50,50,50,50,100,1,0
CNTB,2019-11-19,0,0,0,250,0,0,0
CNTX,2019-11-19,370,374,370,374,4400,9,0
COCO,2019-11-19,890,895,845,890,2233800,238,174600
COWL,2019-11-19,180,190,117,117,14023000,2357,-50000
CPIN,2019-11-19,6950,7150,6925,7150,4789500,2171,-1124800
CPRI,2019-11-19,50,51,50,51,3418100,223,0
CPRO,2019-11-19,50,50,50,50,200,2,0
CSAP,2019-11-19,448,448,448,448,191100,19,0
CSIS,2019-11-19,105,105,91,93,454800,84,0
CTBN,2019-11-19,0,0,0,3230,0,0,0
CTRA,2019-11-19,1110,1110,1080,1080,7929100,2330,2704500
CTTH,2019-11-19,65,77,65,68,88800,35,0
DART,2019-11-19,0,0,0,340,0,0,0
DAYA,2019-11-19,288,294,222,288,13800,33,0
DEAL,2019-11-19,488,488,488,488,1017500,192,0
DEFI,2019-11-19,1770,1775,1770,1775,1300,5,0
DEWA,2019-11-19,50,50,50,50,1700,4,0
DFAM,2019-11-19,422,422,372,400,1143200,192,66500
DGIK,2019-11-19,50,50,50,50,100,1,0
DIGI,2019-11-19,1750,1750,1750,1750,100,1,0
DILD,2019-11-19,334,334,326,328,1484700,81,398700
DIVA,2019-11-19,3690,3710,3660,3680,348100,175,53200
DKFT,2019-11-19,165,176,164,171,12529000,1069,4600
DLTA,2019-11-19,6650,6700,6650,6700,10500,13,0
DMAS,2019-11-19,330,332,324,324,11076700,1014,-2486400
DMMX,2019-11-19,266,268,262,264,9203700,318,1856000
DNAR,2019-11-19,0,0,0,270,0,0,0
DNET,2019-11-19,0,0,0,3070,0,0,0
DOID,2019-11-19,304,306,282,286,28386100,1708,20326700
DPNS,2019-11-19,0,0,0,260,0,0,0
DPUM,2019-11-19,111,111,109,110,111300,9,0
DSFI,2019-11-19,106,107,106,107,94800,14,0
DSNG,2019-11-19,418,418,412,416,269700,19,0
DSSA,2019-11-19,0,0,0,16750,0,0,0
DUCK,2019-11-19,1525,1525,1380,1405,3824700,946,-79800
DUTI,2019-11-19,5000,5000,5000,5000,100,1,0
DVLA,2019-11-19,2210,2220,2210,2220,6700,9,0
DWGL,2019-11-19,322,330,300,324,1513800,93,0
DYAN,2019-11-19,123,125,114,116,12286700,325,6928000
EAST,2019-11-19,90,102,82,91,6677400,750,0
ECII,2019-11-19,0,0,0,1015,0,0,0
EKAD,2019-11-19,950,955,935,950,102900,61,-2500
ELSA,2019-11-19,310,310,304,304,17543800,765,-600
ELTY,2019-11-19,0,0,0,50,0,0,0
EMDE,2019-11-19,204,204,204,204,100000,10,0
EMTK,2019-11-19,0,0,0,5600,0,0,0
ENRG,2019-11-19,55,55,50,51,75776200,1204,-142200
ENVY,2019-11-19,1170,1350,1170,1170,51681400,8158,-8577100
EPMT,2019-11-19,0,0,0,1900,0,0,0
ERAA,2019-11-19,1590,1595,1560,1565,9549400,2643,-109300
ERTX,2019-11-19,140,140,140,140,200,1,0
ESIP,2019-11-19,535,535,430,535,29940600,3410,73000
ESSA,2019-11-19,286,290,286,288,1403400,224,-359500
ESTI,2019-11-19,77,77,71,73,184000,50,0
ETWA,2019-11-19,69,77,65,68,3379000,292,0
EXCL,2019-11-19,3530,3550,3490,3530,20500100,4633,-1793900
FAST,2019-11-19,2890,2890,2800,2800,1500,5,0
FASW,2019-11-19,0,0,0,7450,0,0,0
FILM,2019-11-19,185,193,181,183,2878300,474,0
FINN,2019-11-19,0,0,0,50,0,0,0
FIRE,2019-11-19,1265,1330,1235,1330,8139200,309,-33700
FISH,2019-11-19,2600,2600,2600,2600,100,1,0
FITT,2019-11-19,50,65,50,50,36890700,1517,-30000
FMII,2019-11-19,0,0,0,500,0,0,0
FOOD,2019-11-19,90,104,90,96,1299400,215,0
FORU,2019-11-19,111,111,110,110,43100,2,0
FORZ,2019-11-19,248,248,202,202,2918500,612,-103800
FPNI,2019-11-19,127,127,123,125,17800,20,0
FREN,2019-11-19,143,145,140,141,54253900,2242,-607000
FUJI,2019-11-19,102,106,102,103,189200,19,0
GAMA,2019-11-19,50,50,50,50,100,1,0
GDST,2019-11-19,80,80,71,73,620800,96,0
GDYR,2019-11-19,0,0,0,1990,0,0,0
GEMA,2019-11-19,0,0,0,370,0,0,0
GEMS,2019-11-19,0,0,0,2550,0,0,0
GGRM,2019-11-19,53975,53975,53000,53650,609600,2289,-112700
GGRP,2019-11-19,590,595,520,560,130200,100,6100
GHON,2019-11-19,1400,1415,1300,1300,79800,5,0
GIAA,2019-11-19,575,585,550,555,18692900,2011,3079900
GJTL,2019-11-19,610,635,610,625,4644100,806,-1090100
GLOB,2019-11-19,442,442,410,440,700,4,0
GMFI,2019-11-19,168,169,165,165,1291100,332,5000
GMTD,2019-11-19,0,0,0,16500,0,0,0
GOLD,2019-11-19,232,232,232,232,100,1,0
GOLL,2019-11-19,0,0,0,50,0,0,0
GOOD,2019-11-19,1520,1520,1495,1505,263900,100,0
GPRA,2019-11-19,89,89,83,84,2611500,174,0
GREN,2019-11-19,0,0,0,328,0,0,0
GSMF,2019-11-19,81,101,81,101,300,2,0
GTBO,2019-11-19,158,158,158,158,200,2,0
GWSA,2019-11-19,179,179,177,177,800,3,800
GZCO,2019-11-19,50,50,50,50,4000,1,0
HADE,2019-11-19,50,50,50,50,100,1,0
HDFA,2019-11-19,0,0,0,149,0,0,0
HDIT,2019-11-19,750,750,700,730,3000,12,0
HDTX,2019-11-19,0,0,0,120,0,0,0
HEAL,2019-11-19,3680,3680,3670,3680,34200,16,-28500
HELI,2019-11-19,146,146,146,146,1000,2,0
HERO,2019-11-19,830,830,830,830,100,1,100
HEXA,2019-11-19,3500,3550,3470,3480,11700,19,-1800
HITS,2019-11-19,430,430,428,430,2100,9,100
HKMU,2019-11-19,320,322,314,318,7770900,126,0
HMSP,2019-11-19,2050,2070,2040,2060,17268500,2989,2330000
HOKI,2019-11-19,940,945,910,925,27274500,654,2094900
HOME,2019-11-19,50,50,50,50,854200,152,-700
HOTL,2019-11-19,156,160,155,160,7740400,186,0
HRME,2019-11-19,1020,1035,1010,1030,18522700,1443,0
HRTA,2019-11-19,296,300,286,294,35500,29,0
HRUM,2019-11-19,1360,1360,1345,1360,642200,139,135300
IATA,2019-11-19,50,50,50,50,10000,1,0
IBFN,2019-11-19,216,272,216,272,200,2,0
IBST,2019-11-19,0,0,0,8300,0,0,0
ICBP,2019-11-19,11400,11425,11250,11425,7517700,2948,-3576200
ICON,2019-11-19,74,89,68,72,145900,97,0
IDPR,2019-11-19,0,0,0,330,0,0,0
IGAR,2019-11-19,324,344,324,340,56800,27,0
IIKP,2019-11-19,50,50,50,50,166300,11,-71800
IKAI,2019-11-19,138,142,136,139,4733200,164,277600
IKBI,2019-11-19,264,264,262,262,11300,3,0
IMAS,2019-11-19,1280,1295,1220,1235,703200,382,85200
IMJS,2019-11-19,316,318,292,292,1480900,231,0
IMPC,2019-11-19,1035,1040,1035,1035,413900,34,0
INAF,2019-11-19,990,1000,935,935,330800,255,8200
INAI,2019-11-19,418,440,416,440,10200,3,0
INCF,2019-11-19,50,51,50,50,797500,58,0
INCI,2019-11-19,428,428,420,426,1500,4,0
INCO,2019-11-19,3250,3330,3250,3300,7744600,2015,-705600
INDF,2019-11-19,7950,7975,7800,7950,3962900,2119,760800
INDR,2019-11-19,3280,3290,3280,3280,53000,33,-48000
INDS,2019-11-19,2470,2540,2460,2540,573900,235,17500
INDX,2019-11-19,52,62,52,60,20100,16,0
INDY,2019-11-19,1275,1305,1255,1260,9863700,1494,1718500
INKP,2019-11-19,7975,8200,7825,7925,5521700,3608,776200
INOV,2019-11-19,406,408,402,408,2384600,266,-630000
INPC,2019-11-19,68,68,66,67,114700,18,0
INPP,2019-11-19,0,0,0,860,0,0,0
INPS,2019-11-19,6000,6000,6000,6000,2000,7,0
INRU,2019-11-19,825,825,825,825,24900,3,0
INTA,2019-11-19,468,468,468,468,100,1,0
INTD,2019-11-19,460,460,354,408,150900,71,0
INTP,2019-11-19,19675,19975,19525,19975,1129100,1737,-189200
IPCC,2019-11-19,715,715,700,710,1439000,195,0
IPCM,2019-11-19,196,198,189,198,30500,37,1500
IPOL,2019-11-19,97,99,95,98,34900,20,0
IPTV,2019-11-19,505,525,500,510,22582800,19389,-815300
IRRA,2019-11-19,505,505,452,500,17289700,3532,126800
ISAT,2019-11-19,3120,3230,3050,3180,4299100,2708,-769000
ISSP,2019-11-19,200,220,200,214,100288000,5318,-5298100
ITIC,2019-11-19,1105,1130,1035,1050,14155100,1367,0
ITMA,2019-11-19,600,635,600,620,5000,9,0
ITMG,2019-11-19,12200,12225,12050,12050,1277900,2238,294200
ITTG,2019-11-19,0,0,0,82,0,0,0
JAST,2019-11-19,2240,2250,2230,2230,480900,163,-1000
JAWA,2019-11-19,110,110,110,110,126400,6,-107900
JAYA,2019-11-19,89,89,83,86,337700,70,0
JECC,2019-11-19,0,0,0,6175,0,0,0
JGLE,2019-11-19,0,0,0,50,0,0,0
JIHD,2019-11-19,550,550,550,550,12000,4,0
JKON,2019-11-19,0,0,0,500,0,0,0
JKSW,2019-11-19,0,0,0,60,0,0,0
JMAS,2019-11-19,0,0,0,875,0,0,0
JPFA,2019-11-19,1610,1690,1590,1690,14296400,2935,2562900
JRPT,2019-11-19,585,585,570,575,4367500,305,175500
JSKY,2019-11-19,312,338,312,312,108352400,5159,-1488600
JSMR,2019-11-19,5100,5225,5100,5200,5288400,2660,378500
JSPT,2019-11-19,0,0,0,895,0,0,0
JTPE,2019-11-19,660,825,530,825,9082400,207,50000
KAEF,2019-11-19,2270,2270,2100,2140,239500,323,14300
KARW,2019-11-19,69,72,67,67,505400,114,0
KAYU,2019-11-19,89,103,89,100,16418600,831,0
KBLI,2019-11-19,555,560,545,555,5067800,776,1709400
KBLM,2019-11-19,302,330,302,304,132500,33,115500
KBLV,2019-11-19,350,380,280,340,36200,24,0
KBRI,2019-11-19,0,0,0,50,0,0,0
KDSI,2019-11-19,1210,1210,1180,1200,11700,7,0
KEEN,2019-11-19,510,570,484,570,3691200,398,108400
KIAS,2019-11-19,80,85,80,85,1612500,59,20600
KICI,2019-11-19,0,0,0,400,0,0,0
KIJA,2019-11-19,318,324,318,322,2636200,925,585300
KINO,2019-11-19,3740,3740,3700,3700,478700,122,5600
KIOS,2019-11-19,320,350,320,350,1300,4,-100
KJEN,2019-11-19,1995,2000,1840,2000,186200,77,0
KKGI,2019-11-19,224,236,224,226,76900,31,-40000
KLBF,2019-11-19,1505,1520,1500,1520,14736200,1587,1321900
KMTR,2019-11-19,318,324,318,324,1800,6,-1800
KOBX,2019-11-19,127,130,123,124,193100,85,0
KOIN,2019-11-19,150,150,150,150,500,1,0
KONI,2019-11-19,0,0,0,650,0,0,0
KOPI,2019-11-19,620,620,615,620,24500,18,0
KOTA,2019-11-19,610,615,605,615,10214200,404,55000
KPAL,2019-11-19,565,565,540,550,688000,111,81500
KPAS,2019-11-19,66,75,66,70,1703700,229,0
KPIG,2019-11-19,121,129,121,124,11633100,13172,-509900
KRAH,2019-11-19,1120,1140,1115,1130,737600,410,0
KRAS,2019-11-19,302,302,290,292,9756500,1042,-538800
KREN,2019-11-19,505,510,505,505,60476200,948,1284000
LAND,2019-11-19,0,0,0,1325,0,0,0
LAPD,2019-11-19,50,50,50,50,361000,2,-360000
LCGP,2019-11-19,0,0,0,114,0,0,0
LCKM,2019-11-19,326,326,326,326,7000,5,-7000
LEAD,2019-11-19,50,50,50,50,11200,3,0
LIFE,2019-11-19,5150,5975,5150,5500,40000,41,300
LINK,2019-11-19,4360,4430,4310,4400,862200,898,249700
LION,2019-11-19,0,0,0,496,0,0,0
LMAS,2019-11-19,50,51,50,50,981700,218,0
LMPI,2019-11-19,106,106,103,103,32000,13,0
LMSH,2019-11-19,0,0,0,368,0,0,0
LPCK,2019-11-19,1240,1240,1205,1210,1795900,584,1250500
LPGI,2019-11-19,3000,3010,3000,3010,400,3,0
LPIN,2019-11-19,278,278,262,274,300,3,0
LPKR,2019-11-19,254,258,252,256,69674600,1608,-2215300
LPLI,2019-11-19,115,115,115,115,5000,1,-5000
LPPF,2019-11-19,3510,3580,3510,3560,2701600,1196,-872900
LPPS,2019-11-19,87,87,86,87,2200,4,0
LRNA,2019-11-19,133,133,130,130,4400,11,0
LSIP,2019-11-19,1285,1325,1260,1310,8651500,1954,-1301300
LTLS,2019-11-19,645,645,640,645,10600,8,0
LUCK,2019-11-19,492,550,440,505,695700,478,66600
MABA,2019-11-19,50,50,50,50,202400,811,0
MAGP,2019-11-19,50,50,50,50,100,1,0
MAIN,2019-11-19,1050,1075,1040,1060,1749600,665,217400
MAMI,2019-11-19,248,250,246,250,391776600,21363,4813300
MAMIP,2019-11-19,0,0,0,600,0,0,0
MAPA,2019-11-19,5300,5300,5200,5275,7300,7,1000
MAPB,2019-11-19,1745,1745,1745,1745,100,1,0
MAPI,2019-11-19,1060,1060,1045,1055,10276900,2985,-9272300
MARI,2019-11-19,193,202,183,200,12803800,102,0
MARK,2019-11-19,478,478,468,468,1470600,158,-50000
MASA,2019-11-19,410,414,360,360,24700,15,100
MAYA,2019-11-19,7250,8100,7200,8100,3000,14,0
MBAP,2019-11-19,1960,2000,1960,1980,12600,20,0
MBSS,2019-11-19,496,498,496,498,192900,69,0
MBTO,2019-11-19,107,107,105,105,300,2,0
MCAS,2019-11-19,3120,3160,3110,3160,1237300,109,-100
MCOR,2019-11-19,134,134,132,133,935800,65,1400
MDIA,2019-11-19,71,71,65,67,184200,49,0
MDKA,2019-11-19,1040,1055,1020,1020,42002200,3294,6699200
MDKI,2019-11-19,202,202,199,202,98700,11,0
MDLN,2019-11-19,222,222,216,220,2098900,160,-557400
MDRN,2019-11-19,50,50,50,50,100,1,0
MEDC,2019-11-19,660,665,650,655,11257600,1296,941100
MEGA,2019-11-19,5950,5950,5750,5750,200,2,0
MERK,2019-11-19,2960,2980,2940,2970,11800,15,0
META,2019-11-19,191,194,191,194,37400,13,0
MFIN,2019-11-19,1300,1300,1300,1300,30100,2,0
MFMI,2019-11-19,434,436,434,436,8700,7,0
MGNA,2019-11-19,0,0,0,50,0,0,0
MGRO,2019-11-19,940,955,925,945,3329100,438,0
MICE,2019-11-19,350,350,344,344,500,3,0
MIDI,2019-11-19,0,0,0,1100,0,0,0
MIKA,2019-11-19,2690,2760,2690,2720,11643100,2469,417000
MINA,2019-11-19,1450,1450,1300,1340,9600,21,4000
MIRA,2019-11-19,50,50,50,50,200100,7,0
MITI,2019-11-19,0,0,0,51,0,0,0
MKNT,2019-11-19,50,50,50,50,4400,6,0
MKPI,2019-11-19,0,0,0,13500,0,0,0
MLBI,2019-11-19,16500,16500,16450,16450,200,2,0
MLIA,2019-11-19,1120,1120,1115,1115,3429700,668,-165000
MLPL,2019-11-19,76,77,73,73,4057200,205,1255700
MLPT,2019-11-19,610,610,600,600,1800,4,0
MMLP,2019-11-19,306,306,300,300,4100,10,0
MNCN,2019-11-19,1410,1465,1400,1420,51052400,62865,2821900
MOLI,2019-11-19,785,785,785,785,100,1,0
MPMX,2019-11-19,695,705,690,690,695300,223,0
MPOW,2019-11-19,170,170,119,129,5127000,1156,0
MPPA,2019-11-19,149,151,146,147,1533100,172,566800
MPRO,2019-11-19,0,0,0,2780,0,0,0
MRAT,2019-11-19,160,160,155,155,13200,9,10800
MREI,2019-11-19,4000,4700,4000,4700,7600,19,0
MSIN,2019-11-19,450,456,444,456,6822000,9891,-45800
MSKY,2019-11-19,940,940,920,920,1400,6,200
MTDL,2019-11-19,1740,1850,1735,1835,10760300,1864,-1659600
MTFN,2019-11-19,50,50,50,50,40000,1,0
MTLA,2019-11-19,0,0,0,450,0,0,0
MTPS,2019-11-19,1300,1305,1215,1215,3700,9,0
MTRA,2019-11-19,336,336,334,336,108200,28,0
MTSM,2019-11-19,224,224,224,224,100,1,0
MTWI,2019-11-19,56,75,56,70,1272600,231,0
MYOH,2019-11-19,1245,1270,1220,1270,73600,26,41500
MYOR,2019-11-19,2200,2210,2180,2200,1406500,390,-9157000
MYRX,2019-11-19,53,53,50,50,319901300,2653,3618400
MYRXP,2019-11-19,50,50,50,50,4300,4,0
MYTX,2019-11-19,54,62,54,60,28100,22,0
NASA,2019-11-19,650,650,635,640,5595100,460,1500
NATO,2019-11-19,670,685,660,685,18460900,809,1085400
NELY,2019-11-19,148,148,148,148,5400,3,0
NFCX,2019-11-19,3000,3120,2990,3100,3339500,386,7300
NICK,2019-11-19,312,312,312,312,100,1,0
NIKL,2019-11-19,895,895,850,855,509200,161,-1000
NIPS,2019-11-19,0,0,0,282,0,0,0
NIRO,2019-11-19,140,140,137,140,16633000,23,0
NISP,2019-11-19,825,825,825,825,3400,7,3400
NOBU,2019-11-19,910,920,910,920,7300,7,0
NRCA,2019-11-19,386,386,382,386,43500,26,0
NUSA,2019-11-19,50,50,50,50,188200,17,0
NZIA,2019-11-19,1080,1115,1045,1095,5137800,951,0
OASA,2019-11-19,0,0,0,330,0,0,0
OCAP,2019-11-19,250,262,250,258,300,3,0
OKAS,2019-11-19,185,188,185,188,11200,9,0
OMRE,2019-11-19,990,990,770,770,1200,3,0
OPMS,2019-11-19,133,135,130,131,8020700,585,93300
PADI,2019-11-19,492,492,480,490,1327400,7,0
PALM,2019-11-19,206,228,206,212,400,3,0
PAMG,2019-11-19,104,114,104,109,47497700,160,-500000
PANI,2019-11-19,109,109,100,109,27900,17,0
PANR,2019-11-19,338,338,334,338,956800,140,0
PANS,2019-11-19,1500,1500,1465,1490,400,4,0
PBID,2019-11-19,1040,1040,1000,1025,79700,21,100
PBRX,2019-11-19,685,690,660,685,1130100,141,400
PBSA,2019-11-19,310,310,310,310,100,1,0
PCAR,2019-11-19,1070,1700,1070,1700,11600,47,4300
PDES,2019-11-19,0,0,0,795,0,0,0
PEGE,2019-11-19,0,0,0,222,0,0,0
PEHA,2019-11-19,1015,1045,1010,1025,84700,75,-14300
PGAS,2019-11-19,1980,2020,1980,2010,18867900,3611,-4567560
PGLI,2019-11-19,169,170,167,169,22400,13,0
PICO,2019-11-19,3710,3710,3570,3580,1483300,96,-30100
PJAA,2019-11-19,1060,1080,985,1070,316200,256,32900
PKPK,2019-11-19,60,73,60,70,130200,86,0
PLAS,2019-11-19,0,0,0,50,0,0,0
PLIN,2019-11-19,0,0,0,3200,0,0,0
PNBN,2019-11-19,1210,1235,1195,1230,4352000,431,188400
PNBS,2019-11-19,50,50,50,50,34900,11,0
PNIN,2019-11-19,1130,1135,1120,1120,64800,33,1700
PNLF,2019-11-19,280,282,276,278,16272400,629,-4721700
PNSE,2019-11-19,0,0,0,450,0,0,0
POLA,2019-11-19,1080,1080,1080,1080,500,1,0
POLI,2019-11-19,1600,1600,1360,1370,14500,20,0
POLL,2019-11-19,8075,8125,7625,8100,608100,2120,-116500
POLU,2019-11-19,1425,1785,1425,1500,32600,37,0
POLY,2019-11-19,51,57,51,55,1357700,138,0
POOL,2019-11-19,1175,1190,1140,1160,69735900,284,-134300
PORT,2019-11-19,0,0,0,500,0,0,0
POSA,2019-11-19,60,61,55,56,7472300,646,0
POWR,2019-11-19,1095,1100,1070,1080,3462700,221,2282300
PPRE,2019-11-19,248,250,246,248,6120600,1644,24700
PPRO,2019-11-19,95,96,94,95,20222800,704,-2235100
PRAS,2019-11-19,0,0,0,162,0,0,0
PRDA,2019-11-19,4000,4000,3970,3970,121000,291,19200
PRIM,2019-11-19,300,300,298,298,300,2,0
PSAB,2019-11-19,264,270,254,258,87785700,5472,-5845000
PSDN,2019-11-19,140,140,140,140,100,1,0
PSKT,2019-11-19,0,0,0,50,0,0,0
PSSI,2019-11-19,172,175,172,174,735800,64,0
PTBA,2019-11-19,2510,2550,2460,2480,21764300,3615,6149800
PTIS,2019-11-19,0,0,0,252,0,0,0
PTPP,2019-11-19,1605,1605,1580,1590,11782700,2880,3075500
PTRO,2019-11-19,1650,1690,1650,1655,306000,162,0
PTSN,2019-11-19,306,310,304,308,288900,71,0
PTSP,2019-11-19,0,0,0,4550,0,0,0
PUDP,2019-11-19,0,0,0,346,0,0,0
PURE,2019-11-19,480,510,480,480,63086600,4862,0
PWON,2019-11-19,595,595,580,595,12428700,1543,387200
PYFA,2019-11-19,0,0,0,202,0,0,0
PZZA,2019-11-19,1155,1180,1155,1170,983400,88,46500
R-ABFII,2019-11-19,0,0,0,28600,0,0,0
RAJA,2019-11-19,208,210,206,210,479700,105,0
RALS,2019-11-19,1115,1115,1090,1100,2116700,1133,891400
RANC,2019-11-19,342,342,340,340,1400,4,0
RBMS,2019-11-19,67,81,67,73,1717600,198,0
RDTX,2019-11-19,5125,5200,5000,5150,145000,19,0
RELI,2019-11-19,163,163,163,163,100,1,0
RICY,2019-11-19,0,0,0,163,0,0,0
RIGS,2019-11-19,234,238,228,238,29400,13,0
RIMO,2019-11-19,61,61,52,52,83579500,1840,-12929900
RISE,2019-11-19,675,675,650,650,1201900,122,-27100
RMBA,2019-11-19,344,344,342,342,300,3,0
RODA,2019-11-19,117,118,105,110,692000,62,-38500
ROTI,2019-11-19,1310,1320,1300,1315,16900,18,-1200
RUIS,2019-11-19,240,240,240,240,100,1,0
SAFE,2019-11-19,198,199,198,199,432000,42,0
SAME,2019-11-19,250,250,240,242,108300,18,0
SAPX,2019-11-19,0,0,0,850,0,0,0
SATU,2019-11-19,77,85,77,80,142300,30,0
SCBD,2019-11-19,0,0,0,2700,0,0,0
SCCO,2019-11-19,0,0,0,9175,0,0,0
SCMA,2019-11-19,1295,1340,1295,1310,20848300,4375,4486500
SCPI,2019-11-19,0,0,0,29000,0,0,0
SDMU,2019-11-19,50,50,50,50,553200,26,0
SDPC,2019-11-19,0,0,0,99,0,0,0
SDRA,2019-11-19,750,750,750,750,300,3,0
SFAN,2019-11-19,915,920,915,920,116600,34,0
SGRO,2019-11-19,2360,2360,2320,2320,3000,11,100
SHID,2019-11-19,3340,3340,3200,3300,4800,7,0
SHIP,2019-11-19,795,795,790,795,1229300,93,0
SIDO,2019-11-19,1220,1225,1205,1215,1318800,680,-186100
SILO,2019-11-19,7050,7075,6900,7000,615400,416,97900
SIMA,2019-11-19,51,53,50,50,4418800,237,0
SIMP,2019-11-19,360,368,358,364,10530500,647,431900
SINI,2019-11-19,925,925,925,925,12800,27,0
SIPD,2019-11-19,1100,1100,1090,1090,200,2,0
SKBM,2019-11-19,418,418,418,418,100,1,0
SKLT,2019-11-19,0,0,0,1610,0,0,0
SKRN,2019-11-19,555,555,540,545,247200,45,-60000
SKYB,2019-11-19,83,83,70,71,3940400,7095,0
SLIS,2019-11-19,4600,4800,4400,4700,1035700,789,-441200
SMAR,2019-11-19,3660,3700,3650,3700,400,4,0
SMBR,2019-11-19,480,500,480,490,5159900,1173,216200
SMCB,2019-11-19,1310,1310,1285,1300,22600,12,0
SMDM,2019-11-19,0,0,0,130,0,0,0
SMDR,2019-11-19,260,260,256,256,68800,31,0
SMGR,2019-11-19,12400,12500,12300,12425,4481500,2340,1413376
SMKL,2019-11-19,210,218,210,218,133500,45,0
SMMA,2019-11-19,0,0,0,13000,0,0,0
SMMT,2019-11-19,121,126,121,123,355400,39,0
SMRA,2019-11-19,1110,1120,1100,1115,4218700,1017,-777800
SMRU,2019-11-19,50,50,50,50,2300,5,0
SMSM,2019-11-19,1400,1410,1390,1400,3679600,1436,367600
SOCI,2019-11-19,198,202,198,198,4127300,297,-18100
SONA,2019-11-19,0,0,0,6100,0,0,0
SOSS,2019-11-19,420,430,420,430,66700,33,0
SOTS,2019-11-19,212,212,199,199,41600,16,0
SPMA,2019-11-19,340,340,312,320,316800,40,0
SPTO,2019-11-19,980,980,975,975,4863400,435,-1085500
SQMI,2019-11-19,250,334,210,230,127644400,10795,-116500
SRAJ,2019-11-19,242,244,242,244,690200,40,0
SRIL,2019-11-19,270,272,262,262,40707800,2454,5600700
SRSN,2019-11-19,68,68,66,68,136800,38,0
SRTG,2019-11-19,3990,3990,3820,3820,17700,54,1100
SSIA,2019-11-19,675,690,665,690,20195900,1157,364900
SSMS,2019-11-19,860,875,850,860,52968500,1081,-276300
SSTM,2019-11-19,0,0,0,480,0,0,0
STAR,2019-11-19,102,102,99,101,15200,18,0
STTP,2019-11-19,0,0,0,4200,0,0,0
SUGI,2019-11-19,0,0,0,50,0,0,0
SULI,2019-11-19,51,51,50,50,2052500,37,-46800
SUPR,2019-11-19,0,0,0,3160,0,0,0
SURE,2019-11-19,2990,3000,2990,3000,390000,157,0
SWAT,2019-11-19,105,113,105,107,1628700,357,9000
TALF,2019-11-19,0,0,0,418,0,0,0
TAMU,2019-11-19,480,480,468,480,28385300,2651,76500
TARA,2019-11-19,730,745,725,730,50391500,2419,-522100
TAXI,2019-11-19,50,50,50,50,5000,1,0
TBIG,2019-11-19,1100,1110,1055,1085,43745300,3499,6747200
TBLA,2019-11-19,875,880,870,870,1230900,330,-296500
TBMS,2019-11-19,785,995,780,995,22100,14,0
TCID,2019-11-19,11400,11900,11400,11900,600,3,0
TCPI,2019-11-19,5200,5550,4810,5100,10135400,9442,212600
TDPM,2019-11-19,234,234,228,228,7401200,149,9100
TEBE,2019-11-19,2050,2050,1740,1770,9562700,1077,-20500
TELE,2019-11-19,302,304,292,296,17598900,1579,-1079600
TFAS,2019-11-19,175,180,170,170,4039200,308,0
TFCO,2019-11-19,454,454,454,454,100,1,0
TGKA,2019-11-19,0,0,0,4750,0,0,0
TGRA,2019-11-19,0,0,0,210,0,0,0
TIFA,2019-11-19,179,179,178,178,6100,4,0
TINS,2019-11-19,790,805,785,800,9422400,1590,-665300
TIRA,2019-11-19,256,256,250,250,12000,11,0
TIRT,2019-11-19,58,59,57,58,31800,25,0
TKIM,2019-11-19,11825,12200,11825,12200,1038500,2125,47100
TLKM,2019-11-19,4000,4020,3970,4020,113996600,9364,25847351
TMAS,2019-11-19,110,115,110,114,2342500,254,0
TMPO,2019-11-19,0,0,0,155,0,0,0
TNCA,2019-11-19,272,274,250,250,611000,28,0
TOBA,2019-11-19,368,370,356,360,35000,6,0
TOPS,2019-11-19,555,555,530,540,24376100,885,2154700
TOTL,2019-11-19,428,428,420,422,129600,78,-73800
TOTO,2019-11-19,300,300,296,296,21300,25,0
TOWR,2019-11-19,665,670,655,660,35270000,6834,3028800
TPIA,2019-11-19,9775,9825,8725,9450,8853100,2431,-73100
TPMA,2019-11-19,234,236,234,236,1200,2,0
TRAM,2019-11-19,54,56,50,51,271604800,3147,-1819000
TRIL,2019-11-19,0,0,0,50,0,0,0
TRIM,2019-11-19,0,0,0,149,0,0,0
TRIO,2019-11-19,0,0,0,426,0,0,0
TRIS,2019-11-19,252,258,240,252,97600,39,0
TRST,2019-11-19,0,0,0,380,0,0,0
TRUK,2019-11-19,111,111,107,108,1167200,52,0
TRUS,2019-11-19,348,352,274,274,8600,17,0
TSPC,2019-11-19,1420,1420,1400,1410,224800,37,-2379663
TUGU,2019-11-19,3450,3460,3450,3460,1100,2,-1000
TURI,2019-11-19,965,965,965,965,500,1,0
ULTJ,2019-11-19,1750,1770,1670,1690,473000,391,-33200
UNIC,2019-11-19,3610,3680,3610,3680,200,2,0
UNIT,2019-11-19,192,192,186,186,400,4,0
UNSP,2019-11-19,97,97,91,95,106700,71,0
UNTR,2019-11-19,22100,22450,21950,22450,1451600,2198,-615700
UNVR,2019-11-19,42150,42800,42100,42800,1373600,3354,293719
URBN,2019-11-19,2000,2250,2000,2250,189900,50,0
VICO,2019-11-19,108,115,103,108,111200,17,0
VINS,2019-11-19,134,144,125,132,5814700,551,0
VIVA,2019-11-19,62,74,62,71,10644100,338,4298800
VOKS,2019-11-19,282,288,280,282,2562200,283,0
VRNA,2019-11-19,0,0,0,101,0,0,0
WAPO,2019-11-19,0,0,0,78,0,0,0
WEGE,2019-11-19,312,314,304,308,9752500,1014,1861600
WEHA,2019-11-19,147,147,146,147,2097100,164,0
WICO,2019-11-19,505,505,505,505,100,1,0
WIIM,2019-11-19,167,190,167,181,5069200,523,0
WIKA,2019-11-19,2000,2020,1985,2000,8199800,2100,-813000
WINS,2019-11-19,127,127,125,125,434600,40,-72000
WOMF,2019-11-19,284,288,280,284,78700,71,0
WOOD,2019-11-19,685,700,680,685,6267700,272,15500
WOWS,2019-11-19,418,428,400,420,5400400,604,0
WSBP,2019-11-19,322,324,320,322,8699200,990,-621800
WSKT,2019-11-19,1475,1475,1445,1450,19092600,3703,3005800
WTON,2019-11-19,426,426,420,420,3117900,928,766200
XMJM,2019-11-19,0,0,0,1000,0,0,0
XPMI,2019-11-19,957,958,957,958,1100,0,0
XSPI,2019-11-19,0,0,0,750,0,0,0
YELO,2019-11-19,88,100,88,96,979000,142,0
YPAS,2019-11-19,0,0,0,488,0,0,0
YULE,2019-11-19,0,0,0,145,0,0,0
ZBRA,2019-11-19,0,0,0,50,0,0,0
ZINC,2019-11-19,376,380,364,372,77992300,2299,1495200
ZONE,2019-11-19,458,458,456,458,244000,38,0
