AALI,2020-05-28,7050,7425,7000,7225,3579300,2503,-621500
ABBA,2020-05-28,50,50,50,50,208500,33,0
ABDA,2020-05-28,0,0,0,5750,0,0,0
ABMM,2020-05-28,0,0,0,1495,0,0,0
ACES,2020-05-28,1400,1500,1395,1490,32267200,6724,-5323415
ACST,2020-05-28,248,252,244,246,775200,165,0
ADES,2020-05-28,875,980,875,940,220400,118,0
ADHI,2020-05-28,520,545,515,530,40467800,3095,-768600
ADMF,2020-05-28,6600,6600,6475,6575,158500,205,-54500
ADMG,2020-05-28,90,100,87,94,9074700,1064,0
ADRO,2020-05-28,1005,1075,1000,1030,137778200,10997,20516468
AGAR,2020-05-28,0,0,0,488,0,0,0
AGII,2020-05-28,418,418,410,416,83700,45,0
AGRO,2020-05-28,124,125,118,119,7592900,916,0
AGRS,2020-05-28,104,116,104,107,55800,22,0
AHAP,2020-05-28,50,50,50,50,1300,5,0
AIMS,2020-05-28,0,0,0,180,0,0,0
AISA,2020-05-28,0,0,0,168,0,0,0
AKKU,2020-05-28,50,50,50,50,300,3,0
AKPI,2020-05-28,378,378,378,378,100,1,0
AKRA,2020-05-28,2450,2490,2390,2470,12938800,1233,-335600
AKSI,2020-05-28,100,100,93,96,166100,56,5500
ALDO,2020-05-28,420,424,420,420,3800,3,0
ALKA,2020-05-28,440,440,410,410,600,4,0
ALMI,2020-05-28,238,238,224,224,1100,5,0
ALTO,2020-05-28,0,0,0,396,0,0,0
AMAG,2020-05-28,268,268,268,268,1100,2,0
AMAN,2020-05-28,208,208,194,204,50700,14,0
AMAR,2020-05-28,165,175,165,175,36900,18,0
AMFG,2020-05-28,3000,3130,3000,3130,2100,2,0
AMIN,2020-05-28,0,0,0,400,0,0,0
AMOR,2020-05-28,1995,1995,1995,1995,200,2,0
AMRT,2020-05-28,915,920,875,910,380000,89,0
ANDI,2020-05-28,50,50,50,50,156700,11,0
ANJT,2020-05-28,408,408,408,408,2200,6,0
ANTM,2020-05-28,520,540,515,525,71853100,5406,-10260300
APEX,2020-05-28,98,98,92,92,114800,41,108500
APIC,2020-05-28,965,995,965,995,49882600,5296,-14610400
APII,2020-05-28,0,0,0,198,0,0,0
APLI,2020-05-28,135,135,135,135,100,1,0
APLN,2020-05-28,103,103,99,99,13284900,596,1657100
ARGO,2020-05-28,0,0,0,825,0,0,0
ARII,2020-05-28,685,730,685,730,20400,10,100
ARKA,2020-05-28,0,0,0,1395,0,0,0
ARMY,2020-05-28,0,0,0,50,0,0,0
ARNA,2020-05-28,398,398,394,394,768700,57,650800
ARTA,2020-05-28,408,410,408,410,5000,3,0
ARTI,2020-05-28,0,0,0,50,0,0,0
ARTO,2020-05-28,900,905,860,900,28500,16,0
ASBI,2020-05-28,250,270,250,270,1600,3,100
ASDM,2020-05-28,1070,1070,1070,1070,300,1,0
ASGR,2020-05-28,700,710,700,705,75000,54,0
ASII,2020-05-28,4370,4580,4350,4540,86825700,13538,-8821564
ASJT,2020-05-28,110,116,108,110,237000,48,0
ASMI,2020-05-28,1090,1095,1080,1095,20600,20,0
ASPI,2020-05-28,510,535,500,500,8777300,731,-473500
ASRI,2020-05-28,115,115,112,112,45400800,1549,18896400
ASRM,2020-05-28,1890,1890,1890,1890,300,2,300
ASSA,2020-05-28,338,376,338,366,15589100,786,-737300
ATIC,2020-05-28,0,0,0,830,0,0,0
AUTO,2020-05-28,770,770,745,750,5655400,754,4382900
AYLS,2020-05-28,50,50,50,50,300,3,0
BABP,2020-05-28,50,50,50,50,5800,2,0
BABP-W3,2020-05-28,28,28,28,28,100,0,0
BABP-W4,2020-05-28,6,6,5,5,181900,0,0
BACA,2020-05-28,402,416,402,416,95700,19,19000
BAJA,2020-05-28,52,52,51,52,97200,23,0
BALI,2020-05-28,875,900,875,900,22400,11,0
BAPA,2020-05-28,0,0,0,50,0,0,0
BAPI,2020-05-28,50,50,50,50,200,1,0
BATA,2020-05-28,585,590,570,590,13600,21,-1200
BAYU,2020-05-28,1045,1045,1000,1020,2300,8,0
BBCA,2020-05-28,25000,26600,25000,26475,45846600,26043,-19086772
BBHI,2020-05-28,66,69,66,66,32600,4,0
BBKP,2020-05-28,147,174,147,154,289975000,12257,78874400
BBLD,2020-05-28,0,0,0,420,0,0,0
BBMD,2020-05-28,1095,1095,1090,1095,55000,6,10000
BBNI,2020-05-28,3640,3790,3630,3660,116831000,13696,32592983
BBRI,2020-05-28,2640,2780,2640,2730,453391300,45725,-156797059
BBRM,2020-05-28,0,0,0,50,0,0,0
BBSS,2020-05-28,162,164,159,159,12503500,545,0
BBTN,2020-05-28,800,820,785,810,114031400,8411,23194800
BBYB,2020-05-28,230,230,220,226,436900,17,-286300
BCAP,2020-05-28,178,179,171,176,329200,85,6580800
BCIC,2020-05-28,0,0,0,450,0,0,0
BCIP,2020-05-28,50,50,50,50,31200,6,0
BDMN,2020-05-28,2520,2590,2520,2560,2176800,702,147600
BEEF,2020-05-28,228,228,218,220,1179400,301,0
BEKS,2020-05-28,50,50,50,50,700,3,0
BELL,2020-05-28,700,700,700,700,1200,2,0
BESS,2020-05-28,250,250,246,248,1273400,155,0
BEST,2020-05-28,107,113,103,104,95208700,4567,1303200
BFIN,2020-05-28,298,302,288,296,1297200,162,624200
BGTG,2020-05-28,50,50,50,50,2300,4,0
BHAT,2020-05-28,380,382,376,380,107115300,1949,0
BHIT,2020-05-28,50,50,50,50,73400,26,73400
BIKA,2020-05-28,208,208,194,202,2700,8,0
BIMA,2020-05-28,50,50,50,50,100,1,0
BINA,2020-05-28,995,1010,980,1000,288700,25,0
BIPI,2020-05-28,50,50,50,50,100,1,0
BIPP,2020-05-28,50,50,50,50,1700,4,0
BIRD,2020-05-28,935,965,920,965,2770700,402,-361000
BISI,2020-05-28,885,890,880,885,27500,31,0
BJBR,2020-05-28,730,755,730,735,5665300,1287,-428100
BJTM,2020-05-28,498,510,496,498,9714500,1793,-1303200
BKDP,2020-05-28,50,50,50,50,500,2,0
BKSL,2020-05-28,50,50,50,50,216800,16,0
BKSW,2020-05-28,70,70,63,63,11500,12,0
BLTA,2020-05-28,50,50,50,50,100,1,0
BLTZ,2020-05-28,0,0,0,3250,0,0,0
BLUE,2020-05-28,492,500,492,498,110700,100,0
BMAS,2020-05-28,294,300,274,286,21700,32,0
BMRI,2020-05-28,4150,4340,4150,4290,132730100,14756,-21850022
BMSR,2020-05-28,52,52,51,52,86600,8,0
BMTR,2020-05-28,208,208,196,196,21553200,1659,6590800
BNBA,2020-05-28,282,290,280,290,362300,21,-66800
BNBR,2020-05-28,50,50,50,50,3100,3,0
BNGA,2020-05-28,625,645,625,640,3955200,642,-28234
BNII,2020-05-28,148,158,148,151,3451600,172,1205200
BNLI,2020-05-28,1285,1285,1275,1280,39893500,1023,-33897600
BOGA,2020-05-28,1485,1515,1485,1510,53074100,2781,-7387200
BOLA,2020-05-28,187,187,174,179,77800,89,2800
BOLT,2020-05-28,0,0,0,665,0,0,0
BOSS,2020-05-28,73,79,73,75,2404300,250,-150000
BPFI,2020-05-28,0,0,0,1185,0,0,0
BPII,2020-05-28,0,0,0,10000,0,0,0
BPTR,2020-05-28,83,83,82,82,300,3,0
BRAM,2020-05-28,0,0,0,4980,0,0,0
BRIS,2020-05-28,310,318,298,302,72088800,6804,1418300
BRMS,2020-05-28,50,50,50,50,743900,33,-120000
BRNA,2020-05-28,0,0,0,1075,0,0,0
BRPT,2020-05-28,1290,1320,1265,1275,55789700,8492,-3164600
BSDE,2020-05-28,700,705,660,660,70093700,4785,27943009
BSIM,2020-05-28,476,476,476,476,25500,13,0
BSIM-W3,2020-05-28,16,18,16,16,3900,0,0
BSSR,2020-05-28,1240,1240,1165,1230,8300,14,0
BSWD,2020-05-28,0,0,0,1750,0,0,0
BTEK,2020-05-28,50,50,50,50,100,1,0
BTEL,2020-05-28,0,0,0,50,0,0,0
BTON,2020-05-28,146,155,146,148,82500,8,0
BTPN,2020-05-28,1850,1885,1820,1845,379600,127,10000
BTPS,2020-05-28,2500,2740,2500,2700,37973800,10413,-7741555
BUDI,2020-05-28,87,89,87,88,60400,40,0
BUKK,2020-05-28,975,1075,915,915,247000,74,0
BULL,2020-05-28,232,234,222,224,90820400,2044,2567800
BUMI,2020-05-28,50,50,50,50,948100,86,-400
BUVA,2020-05-28,62,62,61,61,56300,13,0
BVIC,2020-05-28,69,72,67,67,485600,157,0
BWPT,2020-05-28,80,81,78,79,6578100,307,-1038900
BYAN,2020-05-28,0,0,0,14500,0,0,0
CAKK,2020-05-28,50,50,50,50,600,6,0
CAMP,2020-05-28,200,210,199,204,1205400,268,0
CANI,2020-05-28,0,0,0,200,0,0,0
CARE,2020-05-28,304,306,302,304,59365600,133,8700
CARS,2020-05-28,50,50,50,50,3840200,33,0
CASA,2020-05-28,374,388,374,388,19100,9,7000
CASH,2020-05-28,468,480,464,466,8569400,1077,0
CASS,2020-05-28,216,216,202,202,683400,121,460400
CBMF,2020-05-28,119,128,108,116,214700,59,0
CCSI,2020-05-28,248,250,244,248,128700,39,0
CEKA,2020-05-28,1695,1705,1690,1695,477600,40,0
CENT,2020-05-28,55,55,53,53,1988000,57,-366600
CFIN,2020-05-28,180,198,176,191,317400,96,-47000
CINT,2020-05-28,260,270,260,270,119200,17,0
CITA,2020-05-28,1700,1725,1700,1725,22900,10,100
CITY,2020-05-28,52,52,52,52,28300,4,0
CKRA,2020-05-28,0,0,0,76,0,0,0
CLAY,2020-05-28,0,0,0,1900,0,0,0
CLEO,2020-05-28,468,470,464,464,5552800,667,-12400
CLPI,2020-05-28,690,690,685,685,22100,6,0
CMNP,2020-05-28,1360,1360,1350,1355,28200,4,-26100
CMPP,2020-05-28,0,0,0,184,0,0,0
CNKO,2020-05-28,0,0,0,50,0,0,0
CNTB,2020-05-28,0,0,0,250,0,0,0
CNTX,2020-05-28,0,0,0,260,0,0,0
COCO,2020-05-28,825,825,780,825,3600,5,2500
COWL,2020-05-28,50,50,50,50,3100,4,0
CPIN,2020-05-28,5200,5300,5025,5200,9687500,4324,-986900
CPRI,2020-05-28,0,0,0,50,0,0,0
CPRO,2020-05-28,50,50,50,50,100,1,0
CSAP,2020-05-28,0,0,0,350,0,0,0
CSIS,2020-05-28,50,50,50,50,100,1,0
CSMI,2020-05-28,195,195,185,193,115200,24,0
CSRA,2020-05-28,246,250,234,250,1770800,288,0
CTBN,2020-05-28,0,0,0,2450,0,0,0
CTRA,2020-05-28,560,565,545,545,31780100,2792,-11236100
CTTH,2020-05-28,50,52,50,51,265300,16,0
DADA,2020-05-28,180,190,174,183,20812500,2271,0
DART,2020-05-28,298,298,278,278,18100,10,0
DAYA,2020-05-28,600,600,600,600,300,2,0
DEAL,2020-05-28,90,94,87,88,6519100,789,0
DEFI,2020-05-28,0,0,0,1820,0,0,0
DEWA,2020-05-28,50,50,50,50,20200,1,0
DFAM,2020-05-28,400,400,400,400,100,1,0
DGIK,2020-05-28,50,50,50,50,2100,21,0
DIGI,2020-05-28,1700,1700,1700,1700,200,1,0
DILD,2020-05-28,216,216,202,216,1806900,152,533500
DIVA,2020-05-28,675,815,670,815,4368200,710,-2705600
DKFT,2020-05-28,86,93,86,92,493900,108,70600
DLTA,2020-05-28,4330,4450,4330,4380,34600,70,0
DMAS,2020-05-28,140,145,135,138,89138500,3361,8899500
DMMX,2020-05-28,68,80,68,80,20771900,1071,-9634500
DMND,2020-05-28,955,965,945,955,153200,36,-130100
DNAR,2020-05-28,160,160,149,152,1300,6,0
DNET,2020-05-28,3650,3650,3650,3650,200,1,0
DOID,2020-05-28,128,132,126,131,30997000,1521,328400
DPNS,2020-05-28,220,220,214,214,400,4,0
DPUM,2020-05-28,95,95,93,93,4600,8,0
DSFI,2020-05-28,67,72,67,72,26400,25,0
DSNG,2020-05-28,314,314,308,312,2481100,72,-170000
DSSA,2020-05-28,0,0,0,20975,0,0,0
DUCK,2020-05-28,422,424,418,422,247200,104,0
DUTI,2020-05-28,0,0,0,4740,0,0,0
DVLA,2020-05-28,2200,2200,2190,2190,2600,6,0
DWGL,2020-05-28,240,240,240,240,100,1,0
DYAN,2020-05-28,50,50,50,50,58100,8,0
EAST,2020-05-28,51,56,50,52,2452000,154,0
ECII,2020-05-28,655,665,630,665,10400,4,0
EKAD,2020-05-28,910,920,910,920,95300,101,0
ELSA,2020-05-28,202,204,198,198,53359000,3512,-10031700
ELTY,2020-05-28,50,50,50,50,300,2,0
EMDE,2020-05-28,0,0,0,202,0,0,0
EMTK,2020-05-28,4990,5000,4650,4650,7000,27,1700
ENRG,2020-05-28,50,50,50,50,146800,12,0
ENVY,2020-05-28,87,96,87,89,81908300,3810,-2657700
EPMT,2020-05-28,1715,1740,1715,1740,9900,10,0
ERAA,2020-05-28,1245,1340,1220,1260,70091700,11529,-2045900
ERTX,2020-05-28,0,0,0,126,0,0,0
ESIP,2020-05-28,0,0,0,166,0,0,0
ESSA,2020-05-28,151,151,148,150,1065800,101,0
ESTA,2020-05-28,86,101,86,92,6779200,1274,100000
ESTI,2020-05-28,50,50,50,50,50100,2,0
ETWA,2020-05-28,66,74,62,66,1376600,148,-758400
EXCL,2020-05-28,2630,2660,2490,2490,24822200,8256,-1158500
FAST,2020-05-28,940,970,940,955,142200,64,108300
FASW,2020-05-28,0,0,0,6850,0,0,0
FILM,2020-05-28,174,183,171,183,3945900,388,329700
FINN,2020-05-28,0,0,0,50,0,0,0
FIRE,2020-05-28,118,124,118,119,1701700,300,100400
FISH,2020-05-28,2760,2760,2760,2760,700,2,0
FITT,2020-05-28,52,54,51,54,87300,16,0
FMII,2020-05-28,0,0,0,680,0,0,0
FOOD,2020-05-28,80,87,80,82,470700,101,0
FORU,2020-05-28,0,0,0,81,0,0,0
FORZ,2020-05-28,0,0,0,50,0,0,0
FPNI,2020-05-28,88,92,86,90,180400,82,-42500
FREN,2020-05-28,100,100,97,98,29950900,1382,3326300
FUJI,2020-05-28,104,109,104,108,50400,7,0
GAMA,2020-05-28,50,50,50,50,200,2,0
GDST,2020-05-28,53,54,52,53,162100,16,0
GDYR,2020-05-28,0,0,0,1495,0,0,0
GEMA,2020-05-28,352,352,352,352,400,2,0
GEMS,2020-05-28,0,0,0,2550,0,0,0
GGRM,2020-05-28,47200,48875,47200,47925,1077800,2687,140900
GGRP,2020-05-28,254,290,254,290,300,2,0
GHON,2020-05-28,0,0,0,1500,0,0,0
GIAA,2020-05-28,236,240,230,234,66797500,3187,13518100
GJTL,2020-05-28,380,382,366,366,5861300,868,-517800
GLOB,2020-05-28,212,226,212,224,24800,8,0
GLVA,2020-05-28,258,258,240,240,46700,20,19500
GMFI,2020-05-28,78,81,76,77,15066700,1387,-2700
GMTD,2020-05-28,0,0,0,17000,0,0,0
GOLD,2020-05-28,0,0,0,181,0,0,0
GOLL,2020-05-28,0,0,0,50,0,0,0
GOOD,2020-05-28,1285,1290,1270,1290,245000,101,0
GPRA,2020-05-28,50,51,50,51,1148400,24,0
GREN,2020-05-28,0,0,0,328,0,0,0
GSMF,2020-05-28,0,0,0,113,0,0,0
GTBO,2020-05-28,81,82,77,77,19000,24,0
GWSA,2020-05-28,83,87,83,83,352800,72,328000
GZCO,2020-05-28,0,0,0,50,0,0,0
HADE,2020-05-28,50,50,50,50,100,1,0
HDFA,2020-05-28,0,0,0,160,0,0,0
HDIT,2020-05-28,440,525,440,520,40400,13,0
HDTX,2020-05-28,0,0,0,120,0,0,0
HEAL,2020-05-28,3100,3160,3090,3110,247400,125,92500
HELI,2020-05-28,177,187,177,185,3200,3,0
HERO,2020-05-28,900,990,890,890,69100,15,48900
HEXA,2020-05-28,2820,2850,2770,2820,614500,128,20700
HITS,2020-05-28,535,535,535,535,10000,1,0
HKMU,2020-05-28,70,71,65,67,38180800,1482,-1200000
HMSP,2020-05-28,1950,1970,1885,1925,44925400,7749,-1798200
HOKI,2020-05-28,675,685,670,680,13164100,826,-16400
HOME,2020-05-28,0,0,0,50,0,0,0
HOTL,2020-05-28,77,77,75,77,1400,5,1000
HRME,2020-05-28,161,161,161,161,712000,53,0
HRTA,2020-05-28,242,250,226,236,126300,45,0
HRUM,2020-05-28,1235,1265,1235,1235,106600,73,0
IATA,2020-05-28,50,50,50,50,3300,3,0
IBFN,2020-05-28,0,0,0,320,0,0,0
IBST,2020-05-28,0,0,0,8200,0,0,0
ICBP,2020-05-28,8075,8575,7750,8325,204450600,63950,43173000
ICON,2020-05-28,0,0,0,54,0,0,0
IDPR,2020-05-28,126,127,120,124,243100,60,0
IFII,2020-05-28,140,141,138,141,145100,41,0
IFSH,2020-05-28,290,290,270,270,2600,10,0
IGAR,2020-05-28,242,242,240,242,9800,6,0
IIKP,2020-05-28,0,0,0,50,0,0,0
IKAI,2020-05-28,50,50,50,50,1000,3,0
IKAN,2020-05-28,408,434,402,432,7367200,1070,0
IKBI,2020-05-28,210,210,210,210,300,1,300
IMAS,2020-05-28,498,520,490,494,1712000,370,0
IMJS,2020-05-28,135,145,131,132,4071200,620,0
IMPC,2020-05-28,1100,1115,1080,1115,849900,61,0
INAF,2020-05-28,1050,1055,990,1020,3249100,1229,-117300
INAI,2020-05-28,350,358,348,356,4100,14,0
INCF,2020-05-28,50,50,50,50,30600,7,0
INCI,2020-05-28,398,398,398,398,200,1,0
INCO,2020-05-28,2920,2970,2800,2830,10686600,3662,-1832000
INDF,2020-05-28,5400,6050,5225,5675,81128900,29931,11412100
INDO,2020-05-28,71,79,71,77,61100,22,0
INDR,2020-05-28,2370,2370,2340,2340,15700,10,-14700
INDS,2020-05-28,1925,1925,1910,1910,43400,19,-38300
INDX,2020-05-28,50,50,50,50,100,1,0
INDY,2020-05-28,695,705,670,680,12794300,2414,2725600
INKP,2020-05-28,5150,5150,5000,5100,3375600,2194,124912
INOV,2020-05-28,308,308,300,300,6800,15,0
INPC,2020-05-28,51,51,50,50,73800,21,0
INPP,2020-05-28,705,735,675,705,41900,111,0
INPS,2020-05-28,3370,3370,3130,3300,393100,26,700
INRU,2020-05-28,865,865,865,865,35800,1,0
INTA,2020-05-28,262,262,262,262,30000,3,0
INTD,2020-05-28,232,232,232,232,20100,6,0
INTP,2020-05-28,11400,12550,11400,12200,7094600,5602,386000
IPCC,2020-05-28,324,344,324,338,5889200,1074,68900
IPCM,2020-05-28,185,185,173,179,63700,41,600
IPOL,2020-05-28,62,64,62,64,223400,29,0
IPTV,2020-05-28,384,384,378,384,28385500,1934,-516500
IRRA,2020-05-28,550,570,545,555,4570900,1029,2300
ISAT,2020-05-28,2110,2130,2030,2050,6519300,2357,-1963700
ISSP,2020-05-28,120,121,115,119,3859900,441,0
ITIC,2020-05-28,1940,1970,1895,1905,303000,494,23100
ITMA,2020-05-28,0,0,0,410,0,0,0
ITMG,2020-05-28,8200,8375,8125,8200,3076500,2712,-55631
JAST,2020-05-28,110,150,107,108,28406500,3452,-229600
JAWA,2020-05-28,62,69,62,69,16500,7,0
JAYA,2020-05-28,57,59,56,57,151600,139,0
JECC,2020-05-28,0,0,0,6950,0,0,0
JGLE,2020-05-28,0,0,0,50,0,0,0
JIHD,2020-05-28,0,0,0,456,0,0,0
JKON,2020-05-28,0,0,0,420,0,0,0
JKSW,2020-05-28,0,0,0,60,0,0,0
JMAS,2020-05-28,178,179,176,179,36900,26,0
JPFA,2020-05-28,895,950,895,920,113647300,10033,12709800
JRPT,2020-05-28,420,420,410,418,250000,170,28700
JSKY,2020-05-28,76,76,70,71,10617700,814,378200
JSMR,2020-05-28,3940,4000,3810,3810,16352900,6690,992944
JSPT,2020-05-28,0,0,0,990,0,0,0
JTPE,2020-05-28,695,705,690,690,418800,51,210700
KAEF,2020-05-28,1195,1200,1165,1170,5036400,1750,251700
KARW,2020-05-28,50,52,50,50,202800,29,12500
KAYU,2020-05-28,50,50,50,50,313500,39,0
KBAG,2020-05-28,298,306,296,300,31301100,5612,0
KBLI,2020-05-28,396,396,384,388,2109200,318,-20000
KBLM,2020-05-28,288,320,284,320,11300,26,1900
KBLV,2020-05-28,0,0,0,330,0,0,0
KBRI,2020-05-28,0,0,0,50,0,0,0
KDSI,2020-05-28,790,850,790,830,102300,12,0
KEEN,2020-05-28,264,264,252,260,2493800,121,924000
KEJU,2020-05-28,755,800,755,795,279300,102,0
KIAS,2020-05-28,50,50,50,50,5000,1,0
KICI,2020-05-28,197,246,197,222,1200,4,0
KIJA,2020-05-28,140,145,139,144,2602500,154,-6800
KINO,2020-05-28,2600,2610,2550,2560,1479000,274,-398900
KIOS,2020-05-28,175,175,175,175,300,2,200
KJEN,2020-05-28,0,0,0,1260,0,0,0
KKGI,2020-05-28,216,216,208,210,9300,14,0
KLBF,2020-05-28,1340,1365,1315,1355,35733300,5930,411100
KMTR,2020-05-28,250,250,228,228,3100,10,-100
KOBX,2020-05-28,90,91,88,90,226100,79,0
KOIN,2020-05-28,0,0,0,100,0,0,0
KONI,2020-05-28,0,0,0,428,0,0,0
KOPI,2020-05-28,545,550,545,550,44100,17,0
KOTA,2020-05-28,680,680,650,680,8507400,448,-200
KPAL,2020-05-28,54,57,54,54,1825000,263,0
KPAS,2020-05-28,51,52,50,51,1241000,103,0
KPIG,2020-05-28,114,114,112,114,709900,38,-6875100
KRAH,2020-05-28,426,426,416,416,2100,7,0
KRAS,2020-05-28,175,184,173,174,12020600,914,6063900
KREN,2020-05-28,71,76,68,69,51164600,4374,22397500
LAND,2020-05-28,320,350,286,296,122200,38,0
LAPD,2020-05-28,0,0,0,50,0,0,0
LCGP,2020-05-28,0,0,0,114,0,0,0
LCKM,2020-05-28,354,356,354,356,20500,3,20400
LEAD,2020-05-28,50,50,50,50,1600,2,0
LIFE,2020-05-28,0,0,0,4950,0,0,0
LINK,2020-05-28,2560,2590,2520,2550,499500,507,22800
LION,2020-05-28,0,0,0,236,0,0,0
LMAS,2020-05-28,50,50,50,50,300,2,0
LMPI,2020-05-28,85,85,79,80,900,8,0
LMSH,2020-05-28,0,0,0,240,0,0,0
LPCK,2020-05-28,710,765,705,720,1060900,316,17300
LPGI,2020-05-28,0,0,0,3980,0,0,0
LPIN,2020-05-28,210,210,199,200,105700,11,0
LPKR,2020-05-28,152,176,150,169,35486800,3428,-13010600
LPLI,2020-05-28,71,79,70,79,92500,15,0
LPPF,2020-05-28,1460,1535,1425,1470,25148900,6622,1247300
LPPS,2020-05-28,70,70,70,70,1200,2,0
LRNA,2020-05-28,0,0,0,148,0,0,0
LSIP,2020-05-28,725,755,710,710,63260900,3117,-11137500
LTLS,2020-05-28,420,430,420,422,39900,18,0
LUCK,2020-05-28,310,316,300,304,451100,124,0
MABA,2020-05-28,0,0,0,50,0,0,0
MAGP,2020-05-28,50,50,50,50,100,1,0
MAIN,2020-05-28,505,530,500,515,15330700,1745,848100
MAMI,2020-05-28,50,50,50,50,9000,5,0
MAMIP,2020-05-28,0,0,0,600,0,0,0
MAPA,2020-05-28,2300,2430,2300,2380,30652600,2701,17166900
MAPB,2020-05-28,1585,1585,1565,1565,6400,7,0
MAPI,2020-05-28,705,760,705,740,38663600,3107,15669400
MARI,2020-05-28,129,130,129,130,8700,3,0
MARK,2020-05-28,505,560,498,550,19357500,1124,-5907300
MASA,2020-05-28,0,0,0,392,0,0,0
MAYA,2020-05-28,0,0,0,6500,0,0,0
MBAP,2020-05-28,1610,1620,1575,1620,43000,53,-32000
MBSS,2020-05-28,306,310,304,304,494800,124,0
MBTO,2020-05-28,56,57,56,57,3100,9,0
MCAS,2020-05-28,775,950,775,950,8107800,1212,-3654900
MCOR,2020-05-28,120,120,117,118,974600,93,0
MDIA,2020-05-28,50,50,50,50,200,2,0
MDKA,2020-05-28,1280,1280,1215,1250,51011300,3303,-3773000
MDKI,2020-05-28,114,126,114,126,104900,38,0
MDLN,2020-05-28,69,70,64,64,181690800,7121,810100
MDRN,2020-05-28,50,50,50,50,100,1,0
MEDC,2020-05-28,456,458,446,448,57012600,3843,-357900
MEGA,2020-05-28,6200,6500,6200,6500,42700,18,33000
MERK,2020-05-28,2100,2150,2100,2150,17000,16,0
META,2020-05-28,90,94,89,94,414500,34,0
MFIN,2020-05-28,800,820,775,820,32400,8,2700
MFMI,2020-05-28,540,540,505,505,26800,28,0
MGNA,2020-05-28,0,0,0,50,0,0,0
MGRO,2020-05-28,695,700,685,700,1197600,106,-47400
MICE,2020-05-28,304,304,300,300,23000,17,0
MIDI,2020-05-28,1500,1500,1495,1495,2800,11,0
MIKA,2020-05-28,2220,2350,2150,2350,1276300,943,-541300
MINA,2020-05-28,50,50,50,50,25300,3,0
MIRA,2020-05-28,0,0,0,50,0,0,0
MITI,2020-05-28,0,0,0,51,0,0,0
MKNT,2020-05-28,50,50,50,50,200,2,0
MKPI,2020-05-28,0,0,0,15850,0,0,0
MLBI,2020-05-28,10000,10100,9925,10000,114000,68,-20000
MLIA,2020-05-28,468,484,468,478,8326800,358,3800
MLPL,2020-05-28,50,51,50,50,935100,40,0
MLPT,2020-05-28,535,595,535,575,162600,70,0
MMLP,2020-05-28,143,143,137,137,3100,8,0
MNCN,2020-05-28,915,930,880,885,111321300,12085,2494447
MOLI,2020-05-28,1060,1130,1060,1130,126200,16,0
MPMX,2020-05-28,610,620,595,615,20024100,1726,-2407800
MPOW,2020-05-28,55,60,55,55,198100,62,0
MPPA,2020-05-28,112,115,111,112,256600,87,0
MPRO,2020-05-28,860,860,860,860,100,1,0
MRAT,2020-05-28,125,135,120,130,2244000,84,1724600
MREI,2020-05-28,0,0,0,6950,0,0,0
MSIN,2020-05-28,318,318,296,296,961700,134,-13000
MSKY,2020-05-28,0,0,0,1000,0,0,0
MTDL,2020-05-28,1360,1375,1305,1320,607400,325,245800
MTFN,2020-05-28,50,50,50,50,100,1,0
MTLA,2020-05-28,0,0,0,400,0,0,0
MTPS,2020-05-28,138,150,138,147,53900,31,0
MTRA,2020-05-28,0,0,0,244,0,0,0
MTSM,2020-05-28,0,0,0,166,0,0,0
MTWI,2020-05-28,50,52,50,50,206800,14,0
MYOH,2020-05-28,905,905,855,880,178700,103,111500
MYOR,2020-05-28,2130,2220,2130,2180,5448700,1486,-928900
MYRX,2020-05-28,0,0,0,50,0,0,0
MYRXP,2020-05-28,0,0,0,50,0,0,0
MYTX,2020-05-28,55,55,51,51,2800,5,0
NASA,2020-05-28,204,206,192,206,7700,11,2000
NATO,2020-05-28,520,545,520,545,2031400,45,-700
NELY,2020-05-28,117,150,117,146,182700,24,0
NFCX,2020-05-28,1300,1300,1210,1210,140600,84,76600
NICK,2020-05-28,316,320,316,320,300,2,0
NIKL,2020-05-28,414,416,410,410,692100,281,44600
NIPS,2020-05-28,0,0,0,282,0,0,0
NIRO,2020-05-28,145,145,133,133,1600,6,0
NISP,2020-05-28,685,710,685,690,16200,38,0
NOBU,2020-05-28,660,670,660,670,200,2,0
NRCA,2020-05-28,330,338,328,332,193200,48,0
NUSA,2020-05-28,50,50,50,50,1100,4,0
NZIA,2020-05-28,142,147,132,137,7200,24,0
OASA,2020-05-28,340,340,340,340,100,1,0
OCAP,2020-05-28,0,0,0,155,0,0,0
OKAS,2020-05-28,72,84,72,77,6846800,322,0
OMRE,2020-05-28,0,0,0,340,0,0,0
OPMS,2020-05-28,94,96,94,94,861700,87,5500
PADI,2020-05-28,50,50,50,50,200,2,0
PALM,2020-05-28,168,200,168,199,18100,13,0
PAMG,2020-05-28,62,66,62,66,2546000,252,0
PANI,2020-05-28,74,75,71,71,4900,11,0
PANR,2020-05-28,106,106,99,99,656600,105,0
PANS,2020-05-28,760,760,740,745,520000,44,458400
PBID,2020-05-28,910,910,890,910,49900,16,-39500
PBRX,2020-05-28,242,270,242,262,1805100,215,-679000
PBSA,2020-05-28,750,750,750,750,200,1,0
PCAR,2020-05-28,210,218,206,218,500,5,0
PDES,2020-05-28,380,380,360,360,600,4,0
PEGE,2020-05-28,165,165,150,150,105000,7,0
PEHA,2020-05-28,1015,1015,990,1015,33700,31,-1900
PGAS,2020-05-28,890,905,870,885,207684500,8710,6141758
PGJO,2020-05-28,85,91,85,89,12300,8,0
PGLI,2020-05-28,0,0,0,298,0,0,0
PICO,2020-05-28,154,163,154,154,239600,71,0
PJAA,2020-05-28,450,480,450,460,128100,44,0
PKPK,2020-05-28,0,0,0,50,0,0,0
PLAS,2020-05-28,0,0,0,50,0,0,0
PLIN,2020-05-28,2200,2200,2080,2190,9800,14,-3100
PMJS,2020-05-28,126,127,126,126,96000,11,0
PNBN,2020-05-28,690,720,685,720,3983200,529,22600
PNBS,2020-05-28,50,50,50,50,11000,10,0
PNIN,2020-05-28,815,815,780,790,10500,11,0
PNLF,2020-05-28,172,175,169,169,11497500,811,2290900
PNSE,2020-05-28,0,0,0,555,0,0,0
POLA,2020-05-28,58,63,58,58,3358600,1416,0
POLI,2020-05-28,1005,1025,960,1015,14600,9,0
POLL,2020-05-28,7600,8900,7050,8400,37300,109,2100
POLU,2020-05-28,795,850,750,750,5000,10,0
POLY,2020-05-28,50,50,50,50,16200,4,0
POOL,2020-05-28,50,50,50,50,7100,3,0
PORT,2020-05-28,0,0,0,640,0,0,0
POSA,2020-05-28,50,50,50,50,8800,3,0
POWR,2020-05-28,600,600,590,595,2256500,179,1836600
PPRE,2020-05-28,196,198,194,196,19136500,2356,-300000
PPRO,2020-05-28,50,50,50,50,13128200,207,11039900
PRAS,2020-05-28,157,157,147,157,11200,8,0
PRDA,2020-05-28,3150,3170,3140,3150,747500,78,736600
PRIM,2020-05-28,304,304,300,300,1100,2,0
PSAB,2020-05-28,190,190,186,189,10831300,551,-420300
PSDN,2020-05-28,122,122,122,122,100,1,0
PSGO,2020-05-28,112,112,102,110,105800,14,0
PSKT,2020-05-28,0,0,0,50,0,0,0
PSSI,2020-05-28,141,141,139,139,192200,32,0
PTBA,2020-05-28,2120,2140,2070,2090,46169400,7161,4199796
PTIS,2020-05-28,202,202,183,183,12400,22,0
PTPP,2020-05-28,690,750,690,720,127001500,7374,-3972800
PTPW,2020-05-28,770,785,770,785,1204700,190,0
PTRO,2020-05-28,1215,1220,1195,1205,774100,356,-10000
PTSN,2020-05-28,160,163,159,160,1158100,138,30000
PTSP,2020-05-28,0,0,0,3700,0,0,0
PUDP,2020-05-28,0,0,0,220,0,0,0
PURA,2020-05-28,73,77,70,75,151622000,28360,0
PURE,2020-05-28,86,95,86,92,1050000,191,0
PWON,2020-05-28,400,408,376,376,181452300,10368,66324275
PYFA,2020-05-28,436,448,430,446,371500,136,0
PZZA,2020-05-28,730,785,710,730,349100,183,-193200
R-ABFII,2020-05-28,0,0,0,28600,0,0,0
RAJA,2020-05-28,92,97,90,96,12068300,1246,0
RALS,2020-05-28,585,615,585,600,33875300,2167,17962700
RANC,2020-05-28,330,348,320,320,244700,18,0
RBMS,2020-05-28,50,50,50,50,30900,4,0
RDTX,2020-05-28,0,0,0,4560,0,0,0
REAL,2020-05-28,52,56,51,53,26166600,5060,0
RELI,2020-05-28,0,0,0,288,0,0,0
RICY,2020-05-28,97,98,96,97,102900,39,40300
RIGS,2020-05-28,210,210,193,194,4900,6,0
RIMO,2020-05-28,0,0,0,50,0,0,0
RISE,2020-05-28,424,424,416,424,435100,100,0
RMBA,2020-05-28,250,250,248,248,4300,7,0
RODA,2020-05-28,50,50,50,50,200,2,0
RONY,2020-05-28,186,188,169,169,150800,34,0
ROTI,2020-05-28,1240,1250,1230,1250,1345300,125,945400
RUIS,2020-05-28,177,177,170,170,20800,6,0
SAFE,2020-05-28,189,192,189,190,276900,59,0
SAME,2020-05-28,110,111,103,103,18434000,38,0
SAMF,2020-05-28,410,416,408,412,406500,119,0
SAPX,2020-05-28,0,0,0,1460,0,0,0
SATU,2020-05-28,0,0,0,50,0,0,0
SBAT,2020-05-28,99,109,99,107,10768800,769,0
SCCO,2020-05-28,0,0,0,9225,0,0,0
SCMA,2020-05-28,945,990,920,955,42105700,4768,4970000
SCPI,2020-05-28,0,0,0,29000,0,0,0
SDMU,2020-05-28,50,50,50,50,600,5,0
SDPC,2020-05-28,93,97,92,95,15600,22,0
SDRA,2020-05-28,940,940,940,940,100,1,0
SFAN,2020-05-28,650,650,625,640,5300,11,0
SGRO,2020-05-28,2340,2340,2320,2340,107300,11,100
SHID,2020-05-28,3590,3590,3590,3590,100,1,0
SHIP,2020-05-28,600,605,585,600,295400,84,0
SIDO,2020-05-28,1245,1255,1230,1245,4942800,1355,-6314300
SILO,2020-05-28,5550,5550,5400,5400,2400,3,200
SIMA,2020-05-28,0,0,0,50,0,0,0
SIMP,2020-05-28,212,224,202,204,110794600,6719,-148800
SINI,2020-05-28,860,860,860,860,200,2,0
SIPD,2020-05-28,0,0,0,1300,0,0,0
SKBM,2020-05-28,390,390,360,360,300,2,0
SKLT,2020-05-28,0,0,0,1610,0,0,0
SKRN,2020-05-28,650,650,615,635,966600,368,0
SKYB,2020-05-28,0,0,0,51,0,0,0
SLIS,2020-05-28,5050,5275,5050,5250,217000,48,0
SMAR,2020-05-28,2780,2780,2780,2780,100,1,0
SMBR,2020-05-28,286,298,286,288,7654100,879,-77900
SMCB,2020-05-28,1020,1030,1010,1010,35100,33,0
SMDM,2020-05-28,105,105,98,105,1800,4,0
SMDR,2020-05-28,144,145,141,143,458800,55,0
SMGR,2020-05-28,9325,9725,9250,9600,9911800,3908,-1854000
SMKL,2020-05-28,178,196,175,180,51100,13,0
SMMA,2020-05-28,0,0,0,12250,0,0,0
SMMT,2020-05-28,82,82,78,79,99000,17,0
SMRA,2020-05-28,458,466,448,454,46319400,3350,-3734300
SMRU,2020-05-28,0,0,0,50,0,0,0
SMSM,2020-05-28,1120,1140,1115,1125,2290000,484,274600
SOCI,2020-05-28,140,140,130,133,20822400,1436,365400
SONA,2020-05-28,0,0,0,5000,0,0,0
SOSS,2020-05-28,418,418,416,416,200,2,0
SOTS,2020-05-28,189,189,189,189,200,1,0
SPMA,2020-05-28,272,280,272,280,55600,10,0
SPTO,2020-05-28,500,530,490,490,838400,156,602300
SQMI,2020-05-28,189,192,186,186,1234500,165,0
SRAJ,2020-05-28,135,136,128,130,50200,24,0
SRIL,2020-05-28,149,153,148,148,50679000,2389,22033700
SRSN,2020-05-28,54,55,52,54,5806300,200,0
SRTG,2020-05-28,2860,2860,2790,2830,149100,143,42900
SSIA,2020-05-28,292,304,288,294,57424800,1951,9418100
SSMS,2020-05-28,900,915,895,895,623800,177,6200
SSTM,2020-05-28,0,0,0,615,0,0,0
STAR,2020-05-28,130,138,130,138,100400,6,0
STTP,2020-05-28,8750,8750,8150,8500,8600,33,0
SUGI,2020-05-28,0,0,0,50,0,0,0
SULI,2020-05-28,50,50,50,50,100,1,0
SUPR,2020-05-28,0,0,0,4000,0,0,0
SURE,2020-05-28,0,0,0,2900,0,0,0
SWAT,2020-05-28,92,97,92,95,2514800,181,0
TALF,2020-05-28,0,0,0,268,0,0,0
TAMA,2020-05-28,167,167,150,163,5000,7,0
TAMU,2020-05-28,66,66,66,66,86800,33,85000
TARA,2020-05-28,0,0,0,198,0,0,0
TAXI,2020-05-28,50,50,50,50,600,2,0
TBIG,2020-05-28,1075,1080,1045,1050,29077900,1801,-3700200
TBLA,2020-05-28,555,555,525,535,6299700,681,3337600
TBMS,2020-05-28,620,630,620,630,2300,4,0
TCID,2020-05-28,7750,7850,7600,7850,1600,9,0
TCPI,2020-05-28,4970,5100,4920,5100,8317700,7182,23400
TDPM,2020-05-28,95,97,90,90,6471200,467,-800000
TEBE,2020-05-28,0,0,0,1615,0,0,0
TELE,2020-05-28,118,127,114,118,107257800,6089,265600
TFAS,2020-05-28,164,164,158,158,300,3,0
TFCO,2020-05-28,466,476,466,476,400,2,0
TGKA,2020-05-28,6000,6000,6000,6000,1700,4,0
TGRA,2020-05-28,69,75,66,71,4479500,1112,-225300
TIFA,2020-05-28,197,204,197,200,800,8,0
TINS,2020-05-28,470,484,470,472,22830800,1740,6419400
TIRA,2020-05-28,278,278,278,278,100,1,0
TIRT,2020-05-28,52,53,52,53,5800,4,0
TKIM,2020-05-28,4470,4520,4260,4260,8354700,4733,1446100
TLKM,2020-05-28,3180,3210,3130,3130,177385100,21569,14843820
TMAS,2020-05-28,90,95,89,91,2662600,151,24395000
TMPO,2020-05-28,0,0,0,136,0,0,0
TNCA,2020-05-28,234,234,234,234,300,2,0
TOBA,2020-05-28,334,334,334,334,1800,1,0
TOPS,2020-05-28,50,50,50,50,52900,13,46400
TOTL,2020-05-28,272,276,270,274,2946400,244,1553600
TOTO,2020-05-28,230,230,220,222,1600,11,0
TOWR,2020-05-28,950,975,915,925,80436300,8259,13051800
TPIA,2020-05-28,7200,7325,7125,7300,5717200,1742,-591300
TPMA,2020-05-28,0,0,0,226,0,0,0
TRAM,2020-05-28,0,0,0,50,0,0,0
TRIL,2020-05-28,0,0,0,50,0,0,0
TRIM,2020-05-28,128,128,128,128,100,1,0
TRIN,2020-05-28,288,294,272,284,16044800,1647,600
TRIO,2020-05-28,0,0,0,426,0,0,0
TRIS,2020-05-28,262,300,242,242,300,3,0
TRST,2020-05-28,0,0,0,352,0,0,0
TRUK,2020-05-28,102,102,101,102,374600,40,0
TRUS,2020-05-28,360,360,360,360,100,1,0
TSPC,2020-05-28,1175,1210,1150,1175,95700,59,-12400
TUGU,2020-05-28,2610,2680,2520,2680,92900,47,-65000
TURI,2020-05-28,0,0,0,1410,0,0,0
UCID,2020-05-28,1560,1580,1525,1560,204200,278,52300
ULTJ,2020-05-28,1495,1530,1485,1530,427700,304,50000
UNIC,2020-05-28,0,0,0,3150,0,0,0
UNIT,2020-05-28,134,150,134,143,25600,14,0
UNSP,2020-05-28,51,52,50,51,20200,23,0
UNTR,2020-05-28,14925,15250,14800,15100,5091100,5507,788826
UNVR,2020-05-28,8200,8300,8000,8025,27680500,13362,1282489
URBN,2020-05-28,1675,1675,1670,1670,157800,16,0
VICO,2020-05-28,100,135,100,124,21500,16,0
VINS,2020-05-28,110,116,103,111,71400,53,49800
VIVA,2020-05-28,50,50,50,50,1500,4,0
VOKS,2020-05-28,254,254,240,240,233700,22,-217800
VRNA,2020-05-28,135,135,135,135,200,2,0
WAPO,2020-05-28,0,0,0,67,0,0,0
WEGE,2020-05-28,165,169,163,163,34967000,1869,-678100
WEHA,2020-05-28,96,108,96,106,8694000,947,0
WICO,2020-05-28,0,0,0,600,0,0,0
WIIM,2020-05-28,119,141,119,139,37462300,2514,0
WIKA,2020-05-28,1080,1105,1055,1085,59989900,6388,-4399812
WINS,2020-05-28,63,63,62,63,41600,14,0
WOMF,2020-05-28,190,193,188,190,117100,35,0
WOOD,2020-05-28,342,350,332,336,26136000,1443,3045100
WOWS,2020-05-28,50,50,50,50,123900,8,0
WSBP,2020-05-28,155,160,153,155,64477400,2135,3383900
WSKT,2020-05-28,615,645,605,620,140138400,8592,-4365200
WTON,2020-05-28,236,242,232,234,27735400,1689,6236400
XMJM,2020-05-28,0,0,0,1001,0,0,0
XPMI,2020-05-28,710,710,710,710,300,0,0
XSMU,2020-05-28,100,100,98,98,23100,0,0
XSPI,2020-05-28,0,0,0,750,0,0,0
YELO,2020-05-28,50,50,50,50,28200,7,0
YPAS,2020-05-28,550,550,550,550,100,1,0
YULE,2020-05-28,0,0,0,199,0,0,0
ZBRA,2020-05-28,0,0,0,50,0,0,0
ZINC,2020-05-28,145,147,138,141,117152800,1312,1046200
ZONE,2020-05-28,414,420,414,420,121500,42,0
