AALI,2019-11-18,12200,12450,11975,12425,499500,663,-14000
ABBA,2019-11-18,98,108,98,104,21554100,2646,-4047600
ABDA,2019-11-18,0,0,0,6975,0,0,0
ABMM,2019-11-18,1430,1430,1290,1400,2400,13,0
ACES,2019-11-18,1695,1700,1635,1700,37810900,7686,2330680
ACST,2019-11-18,1150,1150,1140,1140,441100,197,344000
ADES,2019-11-18,1075,1075,1040,1060,100300,28,0
ADHI,2019-11-18,1210,1230,1210,1210,4462200,1770,-338600
ADMF,2019-11-18,10550,10575,10450,10575,410100,80,-13000
ADMG,2019-11-18,191,194,190,190,768000,36,-374200
ADRO,2019-11-18,1350,1360,1315,1330,21106400,3511,-6034300
AGII,2019-11-18,590,590,580,590,203800,47,400
AGRO,2019-11-18,191,192,190,191,387600,138,400
AGRS,2019-11-18,184,184,170,178,50500,27,0
AHAP,2019-11-18,63,70,63,67,164600,62,0
AIMS,2019-11-18,0,0,0,180,0,0,0
AISA,2019-11-18,0,0,0,168,0,0,0
AKKU,2019-11-18,50,50,50,50,23000,18,0
AKPI,2019-11-18,380,398,380,380,1500,5,-100
AKRA,2019-11-18,3690,3700,3560,3640,17462100,4468,7824000
AKSI,2019-11-18,820,820,800,800,1622400,81,85300
ALDO,2019-11-18,380,380,380,380,10200,4,0
ALKA,2019-11-18,520,520,400,510,30500,22,0
ALMI,2019-11-18,330,330,328,328,1600,5,900
ALTO,2019-11-18,386,388,380,388,2746700,133,0
AMAG,2019-11-18,0,0,0,306,0,0,0
AMFG,2019-11-18,3370,3450,3360,3450,2600,7,200
AMIN,2019-11-18,300,308,300,308,200,2,0
AMRT,2019-11-18,880,880,875,875,17100,17,0
ANDI,2019-11-18,176,177,150,152,6570500,1597,181200
ANJT,2019-11-18,895,900,880,900,111000,23,0
ANTM,2019-11-18,825,830,815,820,24328500,2838,1037100
APEX,2019-11-18,430,430,404,404,500,3,0
APIC,2019-11-18,655,655,650,650,18466500,1736,237600
APII,2019-11-18,188,188,188,188,400,2,0
APLI,2019-11-18,132,147,132,145,1288100,118,0
APLN,2019-11-18,191,191,188,189,3910800,538,321600
APOL,2019-11-18,0,0,0,50,0,0,0
ARGO,2019-11-18,0,0,0,825,0,0,0
ARII,2019-11-18,0,0,0,640,0,0,0
ARKA,2019-11-18,1600,1600,1580,1580,128600,45,0
ARMY,2019-11-18,72,82,68,73,50499600,1347,3432200
ARNA,2019-11-18,500,500,488,490,2682200,95,-81500
ARTA,2019-11-18,352,354,352,352,3200,7,0
ARTI,2019-11-18,0,0,0,50,0,0,0
ARTO,2019-11-18,3000,3500,2870,3050,395100,713,0
ASBI,2019-11-18,302,302,302,302,200,2,0
ASDM,2019-11-18,0,0,0,1040,0,0,0
ASGR,2019-11-18,955,990,950,955,761400,63,0
ASII,2019-11-18,6525,6600,6525,6600,27729100,4918,2273336
ASJT,2019-11-18,184,189,184,189,6900,9,0
ASMI,2019-11-18,950,950,905,950,71600,55,30900
ASRI,2019-11-18,258,262,256,260,2916600,889,-576192
ASRM,2019-11-18,0,0,0,2000,0,0,0
ASSA,2019-11-18,695,700,685,695,5635200,180,-42400
ATIC,2019-11-18,0,0,0,800,0,0,0
AUTO,2019-11-18,1260,1275,1255,1255,979500,325,-7500
BABP,2019-11-18,51,51,50,50,69800,27,0
BABP-W3,2019-11-18,32,32,32,32,200,0,0
BACA,2019-11-18,268,268,268,268,100,1,0
BAJA,2019-11-18,72,75,72,73,254300,52,0
BALI,2019-11-18,1225,1225,1225,1225,100,1,0
BAPA,2019-11-18,79,79,79,79,100,1,0
BAPI,2019-11-18,50,50,50,50,65900,22,0
BATA,2019-11-18,670,670,670,670,300,3,0
BAYU,2019-11-18,1545,1550,1545,1550,1500,3,0
BBCA,2019-11-18,31225,31425,31050,31400,13119800,4621,5231687
BBHI,2019-11-18,180,180,160,161,192000,38,0
BBKP,2019-11-18,250,254,250,252,3606300,438,2279100
BBLD,2019-11-18,426,426,426,426,300,2,0
BBMD,2019-11-18,0,0,0,2390,0,0,0
BBNI,2019-11-18,7475,7525,7350,7425,20819600,3876,1295200
BBRI,2019-11-18,4090,4140,4050,4120,93147500,15907,-19660985
BBRM,2019-11-18,50,50,50,50,200,2,0
BBTN,2019-11-18,1930,1980,1905,1955,41363300,6852,-2286000
BBYB,2019-11-18,288,290,288,290,10100,6,-10000
BCAP,2019-11-18,140,140,132,140,1533500,191,-3110700
BCIC,2019-11-18,0,0,0,450,0,0,0
BCIP,2019-11-18,72,83,72,81,2479600,36,0
BDMN,2019-11-18,4100,4100,3890,3950,4899500,2083,2828500
BEEF,2019-11-18,368,380,352,372,17885600,1551,51900
BEKS,2019-11-18,50,50,50,50,3900,14,0
BELL,2019-11-18,520,520,520,520,51100,21,0
BEST,2019-11-18,232,234,222,222,12584200,920,1380700
BFIN,2019-11-18,595,595,590,595,23400,9,0
BGTG,2019-11-18,66,66,65,66,560500,100,0
BHIT,2019-11-18,69,70,68,69,7362100,273,4200
BIKA,2019-11-18,0,0,0,194,0,0,0
BIMA,2019-11-18,50,50,50,50,100,1,0
BINA,2019-11-18,850,880,780,875,1043000,142,50000
BIPI,2019-11-18,50,50,50,50,95200,19,0
BIPP,2019-11-18,72,72,68,68,339700,16,0
BIRD,2019-11-18,2000,2050,1960,2050,1167600,598,9600
BISI,2019-11-18,1100,1100,1090,1090,63000,35,22100
BJBR,2019-11-18,1595,1610,1580,1605,1057700,650,-340300
BJTM,2019-11-18,705,705,700,700,12839400,779,-10278900
BKDP,2019-11-18,58,58,56,58,67700,12,0
BKSL,2019-11-18,107,107,105,107,11664000,652,-169500
BKSW,2019-11-18,175,175,156,156,5500,5,0
BLTA,2019-11-18,50,50,50,50,400,2,0
BLTZ,2019-11-18,0,0,0,3150,0,0,0
BLUE,2019-11-18,500,500,494,498,9400,8,0
BMAS,2019-11-18,0,0,0,314,0,0,0
BMRI,2019-11-18,6950,7025,6875,6975,30643500,5995,4132501
BMSR,2019-11-18,132,156,131,148,351300,177,0
BMTR,2019-11-18,400,400,390,390,14685400,1248,3181200
BNBA,2019-11-18,318,318,310,312,563600,64,-63700
BNBR,2019-11-18,50,50,50,50,900,5,0
BNGA,2019-11-18,955,960,945,945,490100,238,79100
BNII,2019-11-18,214,216,212,212,235100,69,3000
BNLI,2019-11-18,1120,1120,1015,1095,123955600,6321,-7505500
BOGA,2019-11-18,810,815,805,810,6636400,1078,-68500
BOLA,2019-11-18,360,360,354,354,19900,29,0
BOLT,2019-11-18,830,830,820,825,100800,126,0
BORN,2019-11-18,0,0,0,50,0,0,0
BOSS,2019-11-18,310,320,226,226,9407300,1056,-1500
BPFI,2019-11-18,1255,1255,1255,1255,10000,1,10000
BPII,2019-11-18,0,0,0,10000,0,0,0
BPTR,2019-11-18,98,98,93,93,1034100,86,0
BRAM,2019-11-18,14025,14025,11250,11250,300,3,0
BRIS,2019-11-18,368,374,368,372,6963000,350,16400
BRMS,2019-11-18,56,57,54,54,43983100,532,-1000000
BRNA,2019-11-18,1090,1095,1090,1095,1400,2,-1400
BRPT,2019-11-18,1075,1140,1075,1130,70502300,6765,-2727991
BSDE,2019-11-18,1350,1385,1350,1370,8402000,1919,-2185588
BSIM,2019-11-18,545,565,545,565,2200,7,0
BSIM-W3,2019-11-18,26,26,26,26,3700,0,0
BSSR,2019-11-18,1845,1845,1845,1845,1100,2,0
BSWD,2019-11-18,0,0,0,1750,0,0,0
BTEK,2019-11-18,51,52,50,50,14399700,374,659200
BTEL,2019-11-18,0,0,0,50,0,0,0
BTON,2019-11-18,202,206,190,190,181300,82,0
BTPN,2019-11-18,3190,3200,3110,3180,12000,25,0
BTPS,2019-11-18,3870,3910,3730,3800,6373100,2946,476100
BUDI,2019-11-18,101,101,100,101,411800,14,0
BUKK,2019-11-18,1730,1730,1730,1730,1200,2,0
BULL,2019-11-18,182,184,180,181,12475800,172,1382000
BUMI,2019-11-18,78,79,77,78,64183200,1485,-1131500
BUVA,2019-11-18,80,82,72,82,361600,37,-100
BVIC,2019-11-18,167,171,165,165,177800,7,0
BWPT,2019-11-18,105,106,98,99,41973700,1611,-403006
BYAN,2019-11-18,14050,15800,14050,15800,700,3,0
CAKK,2019-11-18,84,84,77,78,907900,135,0
CAMP,2019-11-18,380,390,372,376,487300,232,100
CANI,2019-11-18,153,177,153,156,5100,10,0
CARS,2019-11-18,199,200,182,200,2994800,88,0
CASA,2019-11-18,372,376,372,376,8138600,771,13600
CASS,2019-11-18,0,0,0,630,0,0,0
CCSI,2019-11-18,256,260,252,252,1662500,266,-50000
CEKA,2019-11-18,1575,1575,1565,1570,16000,39,0
CENT,2019-11-18,56,66,56,64,8939500,46,-20000
CFIN,2019-11-18,270,270,264,270,172000,48,52600
CINT,2019-11-18,250,256,240,250,123500,40,0
CITA,2019-11-18,0,0,0,1900,0,0,0
CITY,2019-11-18,240,240,182,220,1041700,151,0
CKRA,2019-11-18,0,0,0,76,0,0,0
CLAY,2019-11-18,4460,4500,4390,4460,2324300,368,2300
CLEO,2019-11-18,535,535,525,530,7944400,610,41100
CLPI,2019-11-18,790,790,770,770,63900,25,0
CMNP,2019-11-18,1940,1940,1810,1825,20600,72,-4800
CMPP,2019-11-18,0,0,0,184,0,0,0
CNKO,2019-11-18,50,50,50,50,100,1,0
CNTB,2019-11-18,0,0,0,250,0,0,0
CNTX,2019-11-18,376,376,376,376,81000,1,0
COCO,2019-11-18,900,900,890,890,1921500,209,21000
COWL,2019-11-18,0,0,0,180,0,0,0
CPIN,2019-11-18,7100,7225,6850,6950,5690200,4446,131375
CPRI,2019-11-18,51,53,50,50,7381500,305,0
CPRO,2019-11-18,50,50,50,50,1000,6,0
CSAP,2019-11-18,448,448,448,448,186900,18,0
CSIS,2019-11-18,103,103,92,96,80600,45,0
CTBN,2019-11-18,0,0,0,3230,0,0,0
CTRA,2019-11-18,1080,1105,1070,1105,19383900,3495,-8362740
CTTH,2019-11-18,65,79,65,69,13063700,116,-6000000
DART,2019-11-18,0,0,0,340,0,0,0
DAYA,2019-11-18,310,310,242,280,3100,15,0
DEAL,2019-11-18,650,650,650,650,389800,167,0
DEFI,2019-11-18,0,0,0,1775,0,0,0
DEWA,2019-11-18,50,50,50,50,1400,5,0
DFAM,2019-11-18,404,420,340,420,3324700,247,-84000
DGIK,2019-11-18,50,50,50,50,300,1,0
DIGI,2019-11-18,1700,1700,1700,1700,400,1,0
DILD,2019-11-18,338,338,324,334,1693200,191,444300
DIVA,2019-11-18,3690,3690,3650,3690,403700,39,0
DKFT,2019-11-18,173,175,166,167,11459100,1143,6300
DLTA,2019-11-18,6700,6700,6700,6700,3100,5,0
DMAS,2019-11-18,334,338,328,328,10912300,1165,-1033684
DMMX,2019-11-18,258,266,258,266,14833100,427,5242700
DNAR,2019-11-18,270,270,270,270,100,1,0
DNET,2019-11-18,3070,3070,3070,3070,3700,2,0
DOID,2019-11-18,310,312,300,302,20161200,933,8668900
DPNS,2019-11-18,0,0,0,260,0,0,0
DPUM,2019-11-18,110,112,110,111,200200,6,0
DSFI,2019-11-18,107,107,105,105,735000,27,0
DSNG,2019-11-18,418,420,412,418,2158500,62,-1800000
DSSA,2019-11-18,0,0,0,16750,0,0,0
DUCK,2019-11-18,1610,1610,1400,1600,975100,435,28700
DUTI,2019-11-18,0,0,0,4980,0,0,0
DVLA,2019-11-18,2240,2240,2160,2220,55400,7,0
DWGL,2019-11-18,296,320,284,320,1581600,72,0
DYAN,2019-11-18,130,130,123,123,5330000,144,0
EAST,2019-11-18,110,113,98,100,21501400,2430,0
ECII,2019-11-18,1015,1015,1015,1015,2000,1,0
EKAD,2019-11-18,945,955,930,945,139000,71,30000
ELSA,2019-11-18,312,316,308,310,11259500,679,-497500
ELTY,2019-11-18,0,0,0,50,0,0,0
EMDE,2019-11-18,202,212,202,212,104000,14,0
EMTK,2019-11-18,5600,5600,5600,5600,200,1,0
ENRG,2019-11-18,54,55,54,54,9118700,211,15700
ENVY,2019-11-18,1960,1960,1555,1555,571700,216,-43400
EPMT,2019-11-18,1900,1900,1900,1900,200,1,0
ERAA,2019-11-18,1600,1605,1560,1580,6424500,3044,-464800
ERTX,2019-11-18,0,0,0,140,0,0,0
ESIP,2019-11-18,430,430,430,430,710300,33,200000
ESSA,2019-11-18,288,290,286,288,5149200,344,-248600
ESTI,2019-11-18,82,82,76,77,280300,65,0
ETWA,2019-11-18,67,81,67,69,2145000,247,0
EXCL,2019-11-18,3500,3540,3400,3480,19152500,5183,-1134064
FAST,2019-11-18,2880,2910,2880,2910,51200,10,-11400
FASW,2019-11-18,7450,7450,7450,7450,7500,1,0
FILM,2019-11-18,192,200,192,193,2079600,392,31200
FINN,2019-11-18,50,50,50,50,1000,1,0
FIRE,2019-11-18,1290,1330,1270,1295,4772500,281,-53700
FISH,2019-11-18,0,0,0,2700,0,0,0
FITT,2019-11-18,75,80,55,55,23383500,736,-24200
FMII,2019-11-18,0,0,0,500,0,0,0
FOOD,2019-11-18,102,105,100,100,577900,130,0
FORU,2019-11-18,111,111,111,111,100,1,0
FORZ,2019-11-18,0,0,0,268,0,0,0
FPNI,2019-11-18,126,128,123,126,104700,38,0
FREN,2019-11-18,140,146,140,142,69232600,2870,1273300
FUJI,2019-11-18,102,106,102,104,71500,28,0
GAMA,2019-11-18,50,50,50,50,200,2,0
GDST,2019-11-18,77,79,75,77,334600,47,0
GDYR,2019-11-18,0,0,0,1990,0,0,0
GEMA,2019-11-18,370,370,370,370,100900,6,0
GEMS,2019-11-18,0,0,0,2550,0,0,0
GGRM,2019-11-18,54000,54300,52900,53150,836300,3195,332600
GGRP,2019-11-18,565,585,565,580,236300,121,5400
GHON,2019-11-18,1060,1500,1050,1450,46800,29,0
GIAA,2019-11-18,585,590,570,570,3692300,938,-393200
GJTL,2019-11-18,610,615,605,610,1626900,117,0
GLOB,2019-11-18,460,460,442,442,1000,2,0
GMFI,2019-11-18,167,168,164,168,6097600,554,-46800
GMTD,2019-11-18,16500,16500,16500,16500,1000,1,1000
GOLD,2019-11-18,0,0,0,224,0,0,0
GOLL,2019-11-18,0,0,0,50,0,0,0
GOOD,2019-11-18,1525,1525,1505,1515,330300,123,0
GPRA,2019-11-18,87,90,85,89,1174000,48,0
GREN,2019-11-18,0,0,0,328,0,0,0
GSMF,2019-11-18,102,103,102,103,400,2,0
GTBO,2019-11-18,155,160,154,160,300,3,0
GWSA,2019-11-18,165,180,165,179,24700,13,200
GZCO,2019-11-18,0,0,0,50,0,0,0
HADE,2019-11-18,50,50,50,50,1000,1,0
HDFA,2019-11-18,165,165,149,149,300,3,0
HDIT,2019-11-18,690,750,690,745,7800,11,0
HDTX,2019-11-18,0,0,0,120,0,0,0
HEAL,2019-11-18,3700,3700,3640,3680,100100,81,-57200
HELI,2019-11-18,146,151,146,146,17100,5,0
HERO,2019-11-18,840,840,815,840,7300,10,0
HEXA,2019-11-18,3550,3550,3450,3500,16800,13,9500
HITS,2019-11-18,550,550,414,414,54100,39,0
HKMU,2019-11-18,320,324,316,322,8670800,232,0
HMSP,2019-11-18,2100,2100,2050,2060,13924700,3030,3777300
HOKI,2019-11-18,945,945,935,940,21024900,377,171900
HOME,2019-11-18,50,50,50,50,2809700,358,-300
HOTL,2019-11-18,156,157,153,157,7158600,113,0
HRME,2019-11-18,1020,1030,1015,1020,18896000,459,0
HRTA,2019-11-18,328,328,288,296,102781500,239,-18600
HRUM,2019-11-18,1365,1370,1350,1360,207200,74,21000
IATA,2019-11-18,50,50,50,50,100100,2,0
IBFN,2019-11-18,276,276,250,276,700,7,0
IBST,2019-11-18,0,0,0,8300,0,0,0
ICBP,2019-11-18,11400,11450,11300,11400,3468700,1956,-272000
ICON,2019-11-18,99,99,65,72,1867300,253,0
IDPR,2019-11-18,330,330,330,330,100,1,0
IGAR,2019-11-18,324,344,324,344,1800,5,0
IIKP,2019-11-18,50,50,50,50,251700,37,-230000
IKAI,2019-11-18,140,140,136,138,5659600,145,174900
IKBI,2019-11-18,272,272,266,266,10100,4,0
IMAS,2019-11-18,1215,1300,1200,1270,1050000,440,15800
IMJS,2019-11-18,280,322,278,316,2740100,490,0
IMPC,2019-11-18,1035,1035,1030,1035,401700,35,0
INAF,2019-11-18,995,1005,980,990,62200,80,10700
INAI,2019-11-18,418,418,416,416,200,2,0
INCF,2019-11-18,51,51,50,51,1753600,100,0
INCI,2019-11-18,438,438,438,438,100,1,0
INCO,2019-11-18,3330,3370,3270,3290,6741400,1964,1826000
INDF,2019-11-18,7875,8000,7850,7975,5867400,2961,-1158900
INDR,2019-11-18,3350,3360,3280,3280,64700,50,-37500
INDS,2019-11-18,2500,2520,2470,2470,104300,62,10800
INDX,2019-11-18,63,65,62,62,17100,6,0
INDY,2019-11-18,1300,1305,1280,1295,11660900,1112,-1071100
INKP,2019-11-18,8000,8050,7775,7975,3003900,2793,-585600
INOV,2019-11-18,412,414,406,408,3647000,236,-500000
INPC,2019-11-18,66,67,65,67,423900,33,0
INPP,2019-11-18,0,0,0,860,0,0,0
INPS,2019-11-18,6000,6000,6000,6000,1800,6,0
INRU,2019-11-18,0,0,0,825,0,0,0
INTA,2019-11-18,464,468,464,468,10400,7,0
INTD,2019-11-18,0,0,0,460,0,0,0
INTP,2019-11-18,19950,20100,19525,19675,936100,1487,-43542
IPCC,2019-11-18,730,730,710,710,931600,255,0
IPCM,2019-11-18,193,199,188,197,24100,37,0
IPOL,2019-11-18,98,102,95,97,271500,30,0
IPTV,2019-11-18,496,515,496,505,22247800,11140,-1284400
IRRA,2019-11-18,446,550,350,498,51187700,9214,-509400
ISAT,2019-11-18,3120,3210,3060,3140,5458600,3634,-1046000
ISSP,2019-11-18,188,208,183,208,68012200,4242,-10474500
ITIC,2019-11-18,1070,1130,1030,1110,13636000,1320,0
ITMA,2019-11-18,620,620,600,600,1500,6,0
ITMG,2019-11-18,12450,12500,12175,12200,932700,2457,389700
ITTG,2019-11-18,0,0,0,82,0,0,0
JAST,2019-11-18,2250,2250,2220,2240,461800,148,0
JAWA,2019-11-18,110,116,110,110,287500,9,-92100
JAYA,2019-11-18,89,89,86,89,283900,31,20000
JECC,2019-11-18,0,0,0,6175,0,0,0
JGLE,2019-11-18,0,0,0,50,0,0,0
JIHD,2019-11-18,550,550,550,550,100,1,0
JKON,2019-11-18,0,0,0,500,0,0,0
JKSW,2019-11-18,0,0,0,60,0,0,0
JMAS,2019-11-18,0,0,0,875,0,0,0
JPFA,2019-11-18,1675,1690,1620,1620,8128700,2782,328800
JRPT,2019-11-18,590,595,555,585,7405100,712,941038
JSKY,2019-11-18,450,450,414,414,6787600,648,-120800
JSMR,2019-11-18,5075,5100,5025,5075,2051800,1862,267500
JSPT,2019-11-18,0,0,0,895,0,0,0
JTPE,2019-11-18,890,890,660,660,11294100,325,-64500
KAEF,2019-11-18,2260,2290,2250,2270,38500,76,800
KARW,2019-11-18,76,77,69,70,623700,115,0
KAYU,2019-11-18,96,103,93,99,37043000,1510,0
KBLI,2019-11-18,570,570,550,555,4566100,765,2439700
KBLM,2019-11-18,318,346,314,320,198200,65,57300
KBLV,2019-11-18,408,408,308,310,30100,30,0
KBRI,2019-11-18,0,0,0,50,0,0,0
KDSI,2019-11-18,1200,1200,1195,1195,21500,18,-5000
KEEN,2019-11-18,590,590,460,535,6586900,1197,630400
KIAS,2019-11-18,85,85,81,83,403300,41,0
KICI,2019-11-18,400,400,400,400,700,1,0
KIJA,2019-11-18,320,324,314,318,8048000,1783,-152500
KINO,2019-11-18,3750,3770,3670,3750,909900,277,0
KIOS,2019-11-18,350,354,340,350,2700,9,-200
KJEN,2019-11-18,1995,2000,1840,2000,179200,73,0
KKGI,2019-11-18,222,232,212,224,241300,57,-106700
KLBF,2019-11-18,1510,1530,1490,1510,16541100,2583,-4508400
KMTR,2019-11-18,324,324,310,318,103200,19,-38200
KOBX,2019-11-18,123,129,119,122,140000,80,0
KOIN,2019-11-18,0,0,0,152,0,0,0
KONI,2019-11-18,0,0,0,650,0,0,0
KOPI,2019-11-18,620,620,615,620,32600,15,0
KOTA,2019-11-18,605,615,560,615,3600200,65,217100
KPAL,2019-11-18,600,610,560,565,973900,206,74700
KPAS,2019-11-18,76,78,75,76,439300,113,0
KPIG,2019-11-18,116,126,116,125,3658900,243,-21127800
KRAH,2019-11-18,1110,1140,1060,1110,720200,344,0
KRAS,2019-11-18,306,308,298,302,6122300,594,-563900
KREN,2019-11-18,505,510,500,505,51801900,1438,-499200
LAND,2019-11-18,1325,1325,1325,1325,203000,2,0
LAPD,2019-11-18,0,0,0,50,0,0,0
LCGP,2019-11-18,0,0,0,114,0,0,0
LCKM,2019-11-18,324,326,324,326,25900,8,9100
LEAD,2019-11-18,50,50,50,50,126600,6,0
LIFE,2019-11-18,4530,5150,4500,5150,25300,27,0
LINK,2019-11-18,4400,4400,4310,4360,286900,974,52600
LION,2019-11-18,505,505,496,496,500,4,0
LMAS,2019-11-18,52,52,50,50,602100,49,0
LMPI,2019-11-18,115,120,105,107,168000,24,0
LMSH,2019-11-18,0,0,0,368,0,0,0
LPCK,2019-11-18,1225,1240,1205,1215,1036600,463,583834
LPGI,2019-11-18,3100,3100,3100,3100,500,1,0
LPIN,2019-11-18,270,270,266,266,5100,2,0
LPKR,2019-11-18,256,258,252,254,78332800,1533,1627050
LPLI,2019-11-18,0,0,0,115,0,0,0
LPPF,2019-11-18,3550,3560,3440,3520,3537500,2013,-583000
LPPS,2019-11-18,87,87,85,86,69700,27,0
LRNA,2019-11-18,126,133,120,133,134700,31,0
LSIP,2019-11-18,1300,1315,1275,1285,5756900,1425,1968500
LTLS,2019-11-18,645,645,640,645,31500,21,0
LUCK,2019-11-18,0,0,0,492,0,0,0
MABA,2019-11-18,50,50,50,50,3200,7,0
MAGP,2019-11-18,50,50,50,50,100,1,0
MAIN,2019-11-18,1060,1080,1050,1050,1244200,353,106900
MAMI,2019-11-18,244,248,244,248,455183200,16616,-2673100
MAMIP,2019-11-18,0,0,0,600,0,0,0
MAPA,2019-11-18,0,0,0,5200,0,0,0
MAPB,2019-11-18,0,0,0,1745,0,0,0
MAPI,2019-11-18,1065,1075,1055,1055,7055400,2979,421500
MARI,2019-11-18,202,202,190,193,52900,45,0
MARK,2019-11-18,484,484,478,478,1624000,193,0
MASA,2019-11-18,450,450,430,430,2700,8,0
MAYA,2019-11-18,7600,7900,7600,7900,900,5,0
MBAP,2019-11-18,1995,2000,1955,2000,10300,26,0
MBSS,2019-11-18,498,500,494,496,197900,94,0
MBTO,2019-11-18,110,110,110,110,1400,2,0
MCAS,2019-11-18,3130,3140,3110,3120,551000,73,0
MCOR,2019-11-18,133,135,132,133,1226900,61,3600
MDIA,2019-11-18,70,73,68,71,16839200,29,0
MDKA,2019-11-18,1090,1090,1010,1010,52776600,3153,11202600
MDKI,2019-11-18,202,202,200,202,13700,11,0
MDLN,2019-11-18,224,224,218,220,1155100,167,-118800
MDRN,2019-11-18,0,0,0,50,0,0,0
MEDC,2019-11-18,645,670,645,665,24267700,2635,279600
MEGA,2019-11-18,0,0,0,5950,0,0,0
MERK,2019-11-18,2950,2990,2950,2960,24700,34,0
META,2019-11-18,190,194,190,194,46100,14,0
MFIN,2019-11-18,1300,1300,1300,1300,1000,2,0
MFMI,2019-11-18,434,434,434,434,200,1,0
MGNA,2019-11-18,0,0,0,50,0,0,0
MGRO,2019-11-18,930,945,925,945,7250400,698,0
MICE,2019-11-18,344,352,342,344,8900,6,500
MIDI,2019-11-18,0,0,0,1100,0,0,0
MIKA,2019-11-18,2670,2760,2660,2690,13341300,2664,285800
MINA,2019-11-18,1420,1430,1365,1420,542000,39,9778
MIRA,2019-11-18,0,0,0,50,0,0,0
MITI,2019-11-18,0,0,0,51,0,0,0
MKNT,2019-11-18,50,50,50,50,559700,39,0
MKPI,2019-11-18,13500,13500,13500,13500,100,1,100
MLBI,2019-11-18,16525,16750,16500,16750,400,3,0
MLIA,2019-11-18,1140,1150,1120,1120,3588700,429,-3200
MLPL,2019-11-18,70,77,70,75,4146200,270,701600
MLPT,2019-11-18,620,620,620,620,100,1,0
MMLP,2019-11-18,312,312,300,306,126100,21,0
MNCN,2019-11-18,1415,1425,1390,1410,10924300,20778,-2743300
MOLI,2019-11-18,0,0,0,785,0,0,0
MPMX,2019-11-18,700,710,695,695,975100,164,0
MPOW,2019-11-18,248,252,183,183,2339800,422,0
MPPA,2019-11-18,154,154,148,149,2005900,284,791300
MPRO,2019-11-18,0,0,0,2780,0,0,0
MRAT,2019-11-18,160,160,156,160,5100,8,400
MREI,2019-11-18,4500,4800,3990,4000,38000,62,0
MSIN,2019-11-18,442,450,438,450,1037400,725,-242000
MSKY,2019-11-18,0,0,0,970,0,0,0
MTDL,2019-11-18,1760,1770,1710,1740,3515400,587,168500
MTFN,2019-11-18,0,0,0,50,0,0,0
MTLA,2019-11-18,0,0,0,450,0,0,0
MTPS,2019-11-18,1315,1325,1050,1320,210800,109,0
MTRA,2019-11-18,336,336,334,336,82000,15,0
MTSM,2019-11-18,0,0,0,224,0,0,0
MTWI,2019-11-18,66,70,65,66,570500,90,0
MYOH,2019-11-18,1290,1290,1245,1245,242900,66,59900
MYOR,2019-11-18,2210,2220,2200,2200,1069600,643,-4200
MYRX,2019-11-18,54,58,52,52,198057600,3913,-8311200
MYRXP,2019-11-18,50,50,50,50,500,2,0
MYTX,2019-11-18,61,61,58,58,1000,6,0
NASA,2019-11-18,645,650,605,650,4145500,532,-329386
NATO,2019-11-18,680,680,670,670,13963400,827,161600
NELY,2019-11-18,148,148,148,148,200,1,0
NFCX,2019-11-18,3000,3000,2970,3000,877400,98,16200
NICK,2019-11-18,0,0,0,334,0,0,0
NIKL,2019-11-18,905,905,890,895,120600,56,0
NIPS,2019-11-18,0,0,0,282,0,0,0
NIRO,2019-11-18,139,140,138,140,2107800,34,-55058
NISP,2019-11-18,835,835,810,825,128200,24,125500
NOBU,2019-11-18,915,920,915,920,5000,3,0
NRCA,2019-11-18,378,386,378,386,345000,52,0
NUSA,2019-11-18,50,50,50,50,1106200,32,0
NZIA,2019-11-18,1020,1120,990,1075,13395700,2915,3300
OASA,2019-11-18,0,0,0,330,0,0,0
OCAP,2019-11-18,288,288,210,210,200,2,0
OKAS,2019-11-18,192,197,150,189,61500,44,0
OMRE,2019-11-18,990,995,990,990,2700,8,0
OPMS,2019-11-18,140,145,130,133,27958100,2170,-93300
PADI,2019-11-18,476,492,476,492,5700,7,0
PALM,2019-11-18,204,248,202,242,33700,14,0
PAMG,2019-11-18,115,121,111,114,1384100,179,0
PANI,2019-11-18,110,110,97,109,6100,16,0
PANR,2019-11-18,342,342,338,338,769200,121,0
PANS,2019-11-18,1500,1515,1450,1490,23600,29,0
PBID,2019-11-18,1010,1040,1000,1035,43400,24,0
PBRX,2019-11-18,715,715,690,690,1139500,190,1000
PBSA,2019-11-18,0,0,0,402,0,0,0
PCAR,2019-11-18,1595,1695,1400,1410,1100,10,600
PDES,2019-11-18,750,795,620,795,2400,6,0
PEGE,2019-11-18,222,222,222,222,100,1,0
PEHA,2019-11-18,1140,1140,1000,1015,199000,225,-1000
PGAS,2019-11-18,1995,2020,1975,1985,12670700,2938,207249
PGLI,2019-11-18,169,190,138,170,70500,31,0
PICO,2019-11-18,3530,3710,3530,3700,707000,70,-26300
PJAA,2019-11-18,1090,1100,1060,1060,272000,81,6500
PKPK,2019-11-18,71,77,68,70,210700,34,0
PLAS,2019-11-18,0,0,0,50,0,0,0
PLIN,2019-11-18,3200,3200,3200,3200,100,1,0
PNBN,2019-11-18,1285,1285,1185,1205,5217000,729,83300
PNBS,2019-11-18,50,50,50,50,61800,9,0
PNIN,2019-11-18,1180,1180,1120,1135,166400,39,138700
PNLF,2019-11-18,282,282,280,280,8599900,688,785900
PNSE,2019-11-18,0,0,0,450,0,0,0
POLA,2019-11-18,1100,1100,1100,1100,2700,5,0
POLI,2019-11-18,1670,1675,1670,1670,1300,5,0
POLL,2019-11-18,8150,8150,8075,8075,244400,610,9200
POLU,2019-11-18,1895,1900,1895,1895,600,6,0
POLY,2019-11-18,64,64,55,56,1354300,607,0
POOL,2019-11-18,1180,1200,1140,1175,55050500,451,-53300
PORT,2019-11-18,500,500,500,500,1300,4,0
POSA,2019-11-18,60,63,55,60,5872400,476,0
POWR,2019-11-18,1080,1085,1060,1075,695200,45,522100
PPRE,2019-11-18,250,252,246,248,7358700,2048,-195100
PPRO,2019-11-18,95,96,94,95,20191300,908,-1735244
PRAS,2019-11-18,0,0,0,162,0,0,0
PRDA,2019-11-18,4050,4050,3950,3970,58800,13,3100
PRIM,2019-11-18,306,306,270,290,6400,10,0
PSAB,2019-11-18,262,268,258,262,64940400,4590,-6790400
PSDN,2019-11-18,0,0,0,140,0,0,0
PSKT,2019-11-18,50,50,50,50,300,3,0
PSSI,2019-11-18,168,172,168,170,311000,22,0
PTBA,2019-11-18,2540,2560,2490,2510,24614400,4372,2984600
PTIS,2019-11-18,0,0,0,252,0,0,0
PTPP,2019-11-18,1585,1610,1565,1600,20493600,3177,4073743
PTRO,2019-11-18,1670,1670,1650,1650,411700,237,0
PTSN,2019-11-18,308,310,306,306,135800,47,-6800
PTSP,2019-11-18,0,0,0,4550,0,0,0
PUDP,2019-11-18,0,0,0,346,0,0,0
PURE,2019-11-18,640,640,640,640,1149500,331,-1000
PWON,2019-11-18,590,590,580,590,16614600,2118,-5185100
PYFA,2019-11-18,0,0,0,202,0,0,0
PZZA,2019-11-18,1160,1180,1130,1155,355000,134,-119400
R-ABFII,2019-11-18,0,0,0,28600,0,0,0
RAJA,2019-11-18,208,212,206,208,380400,80,0
RALS,2019-11-18,1110,1125,1080,1115,2402900,1890,1493400
RANC,2019-11-18,0,0,0,340,0,0,0
RBMS,2019-11-18,72,83,72,77,2902300,365,0
RDTX,2019-11-18,5200,5200,5200,5200,9500,16,0
RELI,2019-11-18,171,171,161,161,300,3,0
RICY,2019-11-18,0,0,0,163,0,0,0
RIGS,2019-11-18,246,246,230,236,13000,6,0
RIMO,2019-11-18,56,65,56,61,166842200,3702,-47401900
RISE,2019-11-18,650,670,650,670,1438100,197,-4744
RMBA,2019-11-18,350,350,336,342,3600,9,0
RODA,2019-11-18,175,175,114,115,1774600,429,-5000
ROTI,2019-11-18,1335,1335,1300,1320,41200,57,-5400
RUIS,2019-11-18,248,248,248,248,100,1,0
SAFE,2019-11-18,199,199,197,198,441000,59,0
SAME,2019-11-18,252,268,246,250,155000,37,0
SAPX,2019-11-18,0,0,0,850,0,0,0
SATU,2019-11-18,92,92,80,87,198400,38,0
SCBD,2019-11-18,0,0,0,2700,0,0,0
SCCO,2019-11-18,9175,9175,9175,9175,1900,2,0
SCMA,2019-11-18,1290,1300,1250,1295,47996500,3590,998900
SCPI,2019-11-18,0,0,0,29000,0,0,0
SDMU,2019-11-18,50,50,50,50,1500,12,0
SDPC,2019-11-18,90,99,90,99,1100,2,0
SDRA,2019-11-18,0,0,0,780,0,0,0
SFAN,2019-11-18,995,995,915,920,475900,95,0
SGRO,2019-11-18,2500,2500,2500,2500,400,1,-400
SHID,2019-11-18,0,0,0,3300,0,0,0
SHIP,2019-11-18,795,795,780,795,1135800,125,0
SIDO,2019-11-18,1215,1225,1200,1215,1497200,752,194900
SILO,2019-11-18,7100,7125,6750,7050,437400,220,49400
SIMA,2019-11-18,53,54,51,51,2858500,188,0
SIMP,2019-11-18,362,366,358,360,7297600,410,1325100
SINI,2019-11-18,740,740,740,740,12800,17,0
SIPD,2019-11-18,0,0,0,1090,0,0,0
SKBM,2019-11-18,380,380,380,380,1000,5,0
SKLT,2019-11-18,0,0,0,1610,0,0,0
SKRN,2019-11-18,540,560,535,555,543000,89,-110000
SKYB,2019-11-18,89,89,73,74,5543600,2378,337500
SLIS,2019-11-18,5100,5100,4080,4560,2392900,2645,-130000
SMAR,2019-11-18,3800,3800,3800,3800,900,2,0
SMBR,2019-11-18,520,520,498,500,4182400,977,-48500
SMCB,2019-11-18,1315,1315,1310,1310,2200,4,0
SMDM,2019-11-18,130,130,130,130,500,2,0
SMDR,2019-11-18,264,264,258,260,273100,65,0
SMGR,2019-11-18,12500,12700,12350,12500,3583200,2445,2336200
SMKL,2019-11-18,214,222,212,220,96700,61,0
SMMA,2019-11-18,13000,13000,13000,13000,600,4,0
SMMT,2019-11-18,122,123,121,121,11700,8,0
SMRA,2019-11-18,1110,1125,1105,1115,4846000,1402,-296758
SMRU,2019-11-18,50,50,50,50,194400,13,0
SMSM,2019-11-18,1425,1435,1395,1400,3616500,2120,237400
SOCI,2019-11-18,200,200,196,199,4159200,455,-47300
SONA,2019-11-18,0,0,0,6100,0,0,0
SOSS,2019-11-18,412,422,408,412,44700,44,0
SOTS,2019-11-18,260,260,220,220,102100,27,0
SPMA,2019-11-18,344,344,332,340,77900,10,0
SPTO,2019-11-18,980,980,975,980,4214900,318,-1405900
SQMI,2019-11-18,350,350,280,280,12637000,316,-100000
SRAJ,2019-11-18,0,0,0,260,0,0,0
SRIL,2019-11-18,274,276,270,270,24397700,1748,-4557000
SRSN,2019-11-18,67,68,66,67,87500,37,0
SRTG,2019-11-18,3760,3990,3700,3990,154200,67,4000
SSIA,2019-11-18,690,695,675,675,23460200,1447,-743200
SSMS,2019-11-18,855,865,845,860,56867000,760,444700
SSTM,2019-11-18,0,0,0,480,0,0,0
STAR,2019-11-18,97,102,97,102,1300,2,0
STTP,2019-11-18,0,0,0,4200,0,0,0
SUGI,2019-11-18,0,0,0,50,0,0,0
SULI,2019-11-18,50,51,50,51,2025900,59,0
SUPR,2019-11-18,0,0,0,3160,0,0,0
SURE,2019-11-18,2990,3000,2990,3000,195600,179,0
SWAT,2019-11-18,109,109,105,105,408500,87,-10100
TALF,2019-11-18,418,418,418,418,100,1,0
TAMU,2019-11-18,482,492,466,470,7496700,1282,19600
TARA,2019-11-18,730,730,725,730,86014000,4092,101840
TAXI,2019-11-18,50,50,50,50,5800,9,0
TBIG,2019-11-18,1135,1140,1085,1095,43650100,3631,2984255
TBLA,2019-11-18,890,895,870,875,2384500,754,59100
TBMS,2019-11-18,830,830,800,800,1100,3,0
TCID,2019-11-18,11500,11500,11500,11500,100,1,0
TCPI,2019-11-18,4790,5175,4700,5175,10005600,10156,44100
TDPM,2019-11-18,228,236,226,234,17062800,283,-351400
TEBE,2019-11-18,1600,1640,1600,1640,13400,14,0
TELE,2019-11-18,316,320,302,302,63701200,5598,-207800
TFAS,2019-11-18,186,186,175,176,3042500,274,0
TFCO,2019-11-18,452,452,452,452,300,2,0
TGKA,2019-11-18,0,0,0,4750,0,0,0
TGRA,2019-11-18,284,288,210,210,6549100,939,-326500
TIFA,2019-11-18,180,180,174,180,28600,9,0
TINS,2019-11-18,795,800,785,790,7899100,1527,-364900
TIRA,2019-11-18,0,0,0,224,0,0,0
TIRT,2019-11-18,56,59,56,59,205200,28,0
TKIM,2019-11-18,12075,12075,11825,11900,447900,1150,-129000
TLKM,2019-11-18,4040,4060,3990,4000,104978700,10873,48010509
TMAS,2019-11-18,113,118,113,115,4337400,764,-294300
TMPO,2019-11-18,155,155,155,155,300,1,0
TNCA,2019-11-18,270,272,262,270,30100,12,0
TOBA,2019-11-18,0,0,0,370,0,0,0
TOPS,2019-11-18,545,555,515,555,11173300,589,-970600
TOTL,2019-11-18,430,430,426,426,169500,108,-51400
TOTO,2019-11-18,298,300,298,300,48400,27,0
TOWR,2019-11-18,665,675,655,665,31831900,5979,4389300
TPIA,2019-11-18,9750,9825,9700,9750,3892600,1207,22000
TPMA,2019-11-18,0,0,0,232,0,0,0
TRAM,2019-11-18,59,59,53,54,496191700,1697,2146200
TRIL,2019-11-18,0,0,0,50,0,0,0
TRIM,2019-11-18,149,149,141,149,2900,5,0
TRIO,2019-11-18,0,0,0,426,0,0,0
TRIS,2019-11-18,256,260,244,256,91300,49,0
TRST,2019-11-18,380,380,380,380,33500,2,0
TRUK,2019-11-18,112,112,110,111,2099200,66,0
TRUS,2019-11-18,0,0,0,350,0,0,0
TSPC,2019-11-18,1430,1430,1410,1420,143300,19,-100000
TUGU,2019-11-18,3460,3460,3450,3460,1200,3,-1000
TURI,2019-11-18,970,970,970,970,1100,2,0
ULTJ,2019-11-18,1730,1795,1730,1750,1516100,549,535200
UNIC,2019-11-18,0,0,0,3710,0,0,0
UNIT,2019-11-18,0,0,0,182,0,0,0
UNSP,2019-11-18,95,98,93,96,136300,39,0
UNTR,2019-11-18,22375,22550,21650,21900,3032100,4239,1057100
UNVR,2019-11-18,42225,42275,42000,42150,1555900,3800,457139
URBN,2019-11-18,1850,2100,1575,2100,2124700,195,0
VICO,2019-11-18,108,108,105,107,7200,9,0
VINS,2019-11-18,120,160,117,134,5146000,1340,-50000
VIVA,2019-11-18,65,73,65,72,108338400,327,0
VOKS,2019-11-18,284,284,282,282,1850600,273,0
VRNA,2019-11-18,101,101,101,101,100,1,0
WAPO,2019-11-18,79,79,78,78,20100,5,0
WEGE,2019-11-18,306,316,306,312,11874700,780,109000
WEHA,2019-11-18,148,148,147,147,1372900,123,0
WICO,2019-11-18,0,0,0,505,0,0,0
WIIM,2019-11-18,166,169,165,167,877700,142,0
WIKA,2019-11-18,2020,2050,1965,1995,15643700,4223,101500
WINS,2019-11-18,126,127,126,127,29000,7,0
WOMF,2019-11-18,286,286,282,284,8700,22,0
WOOD,2019-11-18,690,700,680,685,5842000,297,82000
WOWS,2019-11-18,434,438,420,420,2705600,473,187000
WSBP,2019-11-18,326,330,320,320,11810000,1359,-898100
WSKT,2019-11-18,1475,1490,1460,1465,15365700,2698,1159400
WTON,2019-11-18,418,426,416,426,11381500,1551,593500
XMJM,2019-11-18,0,0,0,1000,0,0,0
XPMI,2019-11-18,952,952,951,951,700,0,0
XSPI,2019-11-18,0,0,0,750,0,0,0
YELO,2019-11-18,91,101,91,98,1193600,258,-100
YPAS,2019-11-18,0,0,0,488,0,0,0
YULE,2019-11-18,161,161,140,145,19600,6,0
ZBRA,2019-11-18,0,0,0,50,0,0,0
ZINC,2019-11-18,374,382,362,376,111388300,3794,-304100
ZONE,2019-11-18,454,458,454,456,361500,59,0
