AALI,2020-05-26,6600,6825,6550,6825,2588600,2197,64600
ABBA,2020-05-26,50,50,50,50,547200,36,0
ABDA,2020-05-26,0,0,0,5500,0,0,0
ABMM,2020-05-26,1495,1495,1495,1495,500,3,0
ACES,2020-05-26,1305,1370,1290,1360,14855600,4089,579792
ACST,2020-05-26,244,250,242,244,304400,127,0
ADES,2020-05-26,815,825,780,815,10100,16,0
ADHI,2020-05-26,498,510,494,510,30512400,2451,4534200
ADMF,2020-05-26,6500,6525,6450,6475,116500,202,-4500
ADMG,2020-05-26,85,106,85,92,31803000,4291,0
ADRO,2020-05-26,1000,1020,975,1000,49777400,6021,12955300
AGAR,2020-05-26,444,488,444,488,233200,43,0
AGII,2020-05-26,406,408,404,406,41500,54,0
AGRO,2020-05-26,119,120,117,119,5572400,590,0
AGRS,2020-05-26,111,111,110,111,14000,10,0
AHAP,2020-05-26,50,50,50,50,200,2,0
AIMS,2020-05-26,0,0,0,180,0,0,0
AISA,2020-05-26,0,0,0,168,0,0,0
AKKU,2020-05-26,50,50,50,50,1400,6,0
AKPI,2020-05-26,398,398,380,380,300,2,0
AKRA,2020-05-26,2240,2390,2210,2380,17870400,1837,-471800
AKSI,2020-05-26,98,100,92,100,138100,56,6900
ALDO,2020-05-26,420,428,420,424,169200,5,0
ALKA,2020-05-26,0,0,0,400,0,0,0
ALMI,2020-05-26,254,254,254,254,100,1,0
ALTO,2020-05-26,396,396,396,396,2800,3,-2800
AMAG,2020-05-26,268,268,268,268,900,1,0
AMAN,2020-05-26,200,202,200,202,200,2,0
AMAR,2020-05-26,170,170,163,163,33800,25,0
AMFG,2020-05-26,3200,3200,3200,3200,200,1,0
AMIN,2020-05-26,0,0,0,400,0,0,0
AMOR,2020-05-26,1995,1995,1995,1995,800,3,0
AMRT,2020-05-26,910,950,910,920,223200,108,-159000
ANDI,2020-05-26,50,50,50,50,29100,13,29100
ANJT,2020-05-26,500,500,446,446,23800,16,1100
ANTM,2020-05-26,530,530,515,530,32358800,2876,-4873100
APEX,2020-05-26,95,100,95,95,21800,7,0
APIC,2020-05-26,975,985,965,975,21838600,2550,-5845900
APII,2020-05-26,0,0,0,198,0,0,0
APLI,2020-05-26,128,128,128,128,300,1,0
APLN,2020-05-26,95,101,95,100,34467500,2959,3724300
ARGO,2020-05-26,0,0,0,825,0,0,0
ARII,2020-05-26,605,605,605,605,10300,3,0
ARKA,2020-05-26,0,0,0,1395,0,0,0
ARMY,2020-05-26,0,0,0,50,0,0,0
ARNA,2020-05-26,398,404,398,398,163800,25,144400
ARTA,2020-05-26,438,438,410,410,9800,13,0
ARTI,2020-05-26,0,0,0,50,0,0,0
ARTO,2020-05-26,900,900,865,900,23400,19,0
ASBI,2020-05-26,250,250,250,250,2000,1,0
ASDM,2020-05-26,0,0,0,1115,0,0,0
ASGR,2020-05-26,695,700,690,700,30500,43,0
ASII,2020-05-26,3970,4360,3970,4330,116041900,18267,-25213000
ASJT,2020-05-26,110,129,104,119,6700,11,0
ASMI,2020-05-26,1085,1095,1085,1090,16300,18,0
ASPI,2020-05-26,466,484,464,484,10745100,816,-1032800
ASRI,2020-05-26,108,113,105,111,42488200,1182,27705689
ASRM,2020-05-26,1850,1940,1820,1820,600,5,0
ASSA,2020-05-26,338,356,338,350,15757300,510,-442400
ATIC,2020-05-26,800,800,800,800,100,1,0
AUTO,2020-05-26,755,765,745,765,792700,270,-13900
AYLS,2020-05-26,50,50,50,50,80800,357,0
BABP,2020-05-26,50,50,50,50,900,4,0
BABP-W3,2020-05-26,0,0,0,26,0,0,0
BABP-W4,2020-05-26,5,6,5,6,2668600,0,0
BACA,2020-05-26,410,410,410,410,30000,2,0
BAJA,2020-05-26,51,52,51,52,61300,21,0
BALI,2020-05-26,950,950,940,940,2100,2,0
BAPA,2020-05-26,50,50,50,50,100,1,0
BAPI,2020-05-26,50,50,50,50,300,3,0
BATA,2020-05-26,590,590,580,590,700,6,0
BAYU,2020-05-26,1050,1085,1020,1085,4000,12,0
BBCA,2020-05-26,23875,25000,23875,24850,35215300,25178,-1603801
BBHI,2020-05-26,65,67,65,66,700,3,0
BBKP,2020-05-26,148,153,147,149,17015400,936,8103700
BBLD,2020-05-26,0,0,0,420,0,0,0
BBMD,2020-05-26,1095,1100,1095,1095,223300,19,20000
BBNI,2020-05-26,3660,3660,3580,3630,44453400,7564,9441100
BBRI,2020-05-26,2550,2550,2470,2520,404097300,36696,-10040948
BBRM,2020-05-26,0,0,0,50,0,0,0
BBSS,2020-05-26,163,165,160,163,24371500,1693,0
BBTN,2020-05-26,790,790,765,765,40198000,4392,1220500
BBYB,2020-05-26,220,222,220,222,95400,17,-94900
BCAP,2020-05-26,177,177,176,177,39500,25,80700
BCIC,2020-05-26,0,0,0,450,0,0,0
BCIP,2020-05-26,50,50,50,50,300,3,0
BDMN,2020-05-26,2400,2520,2400,2510,2445400,627,-107700
BEEF,2020-05-26,216,220,212,212,734900,198,0
BEKS,2020-05-26,50,50,50,50,9600,7,0
BELL,2020-05-26,705,705,705,705,100,1,0
BESS,2020-05-26,240,250,240,244,3099300,482,0
BEST,2020-05-26,95,102,93,100,44932600,1791,6426500
BFIN,2020-05-26,282,284,276,280,3401300,164,1557200
BGTG,2020-05-26,50,50,50,50,54400,6,0
BHAT,2020-05-26,370,378,368,378,119029700,1834,0
BHIT,2020-05-26,50,50,50,50,1359800,56,-50000
BIKA,2020-05-26,184,198,174,198,24000,23,0
BIMA,2020-05-26,0,0,0,50,0,0,0
BINA,2020-05-26,985,1190,980,1015,26300,28,0
BIPI,2020-05-26,50,50,50,50,1200,2,0
BIPP,2020-05-26,50,50,50,50,100,1,0
BIRD,2020-05-26,845,900,845,900,1432300,505,-91600
BISI,2020-05-26,875,890,865,890,86000,29,0
BJBR,2020-05-26,695,705,675,705,10751000,1413,2841500
BJTM,2020-05-26,486,492,486,490,4412400,1417,826800
BKDP,2020-05-26,50,50,50,50,300,2,0
BKSL,2020-05-26,50,50,50,50,2603800,39,-50000
BKSW,2020-05-26,75,75,65,67,17800,16,0
BLTA,2020-05-26,0,0,0,50,0,0,109482800
BLTZ,2020-05-26,0,0,0,3250,0,0,0
BLUE,2020-05-26,486,490,486,490,131100,130,0
BMAS,2020-05-26,304,304,280,300,2400,12,0
BMRI,2020-05-26,4130,4160,4060,4100,90272500,12561,8356200
BMSR,2020-05-26,52,54,51,51,10900,7,0
BMTR,2020-05-26,196,200,190,198,23797500,1888,3462200
BNBA,2020-05-26,288,288,280,288,42500,14,-2000
BNBR,2020-05-26,50,50,50,50,109400,6,-100000
BNGA,2020-05-26,625,630,615,620,3934200,385,-1230000
BNII,2020-05-26,148,150,148,149,856800,73,800
BNLI,2020-05-26,1280,1300,1280,1285,71284200,1312,-38086000
BOGA,2020-05-26,1475,1495,1470,1475,46072400,1886,-693400
BOLA,2020-05-26,155,155,147,147,19800,36,0
BOLT,2020-05-26,0,0,0,665,0,0,0
BOSS,2020-05-26,74,76,73,75,1212500,188,0
BPFI,2020-05-26,0,0,0,1185,0,0,0
BPII,2020-05-26,0,0,0,10000,0,0,0
BPTR,2020-05-26,84,85,80,83,5600,8,0
BRAM,2020-05-26,0,0,0,4980,0,0,0
BRIS,2020-05-26,290,300,288,290,50798200,4191,-100000
BRMS,2020-05-26,50,50,50,50,1575000,23,0
BRNA,2020-05-26,0,0,0,1075,0,0,0
BRPT,2020-05-26,1235,1285,1230,1265,45886200,8713,-1739200
BSDE,2020-05-26,610,655,605,650,70264500,4867,9892700
BSIM,2020-05-26,476,476,474,474,2300,4,0
BSIM-W3,2020-05-26,15,15,15,15,900,0,0
BSSR,2020-05-26,1200,1300,1195,1215,4500,22,0
BSWD,2020-05-26,0,0,0,1750,0,0,0
BTEK,2020-05-26,0,0,0,50,0,0,0
BTEL,2020-05-26,0,0,0,50,0,0,0
BTON,2020-05-26,145,145,145,145,40200,5,0
BTPN,2020-05-26,1820,1835,1810,1830,105900,42,10000
BTPS,2020-05-26,2360,2380,2300,2360,13710000,3755,1294800
BUDI,2020-05-26,90,90,83,86,35700,22,0
BUKK,2020-05-26,975,1030,960,960,36700,39,0
BULL,2020-05-26,222,226,216,222,118111600,1925,31349300
BUMI,2020-05-26,50,50,50,50,17378500,264,-10030300
BUVA,2020-05-26,55,61,55,61,26100,19,0
BVIC,2020-05-26,68,68,64,67,140700,468,0
BWPT,2020-05-26,77,78,75,77,1962700,164,-40400
BYAN,2020-05-26,0,0,0,14500,0,0,0
CAKK,2020-05-26,50,50,50,50,13200,6,0
CAMP,2020-05-26,200,200,195,199,210500,99,0
CANI,2020-05-26,0,0,0,200,0,0,0
CARE,2020-05-26,304,306,298,304,4354300,581,1327100
CARS,2020-05-26,50,50,50,50,250900,24,0
CASA,2020-05-26,370,428,370,388,4400,10,3100
CASH,2020-05-26,440,472,440,472,10156900,1072,-7000
CASS,2020-05-26,248,270,232,232,1949000,215,-333200
CBMF,2020-05-26,103,119,102,119,974900,158,0
CCSI,2020-05-26,246,248,244,244,247000,27,0
CEKA,2020-05-26,1690,1705,1690,1705,162800,51,0
CENT,2020-05-26,53,57,53,56,2010800,137,-200000
CFIN,2020-05-26,176,176,172,176,290200,38,96300
CINT,2020-05-26,270,270,260,270,57300,11,0
CITA,2020-05-26,1720,1720,1720,1720,100,1,0
CITY,2020-05-26,52,54,51,51,153400,18,0
CKRA,2020-05-26,0,0,0,76,0,0,0
CLAY,2020-05-26,0,0,0,1795,0,0,0
CLEO,2020-05-26,462,476,458,466,7883000,1014,9800
CLPI,2020-05-26,695,695,655,655,4000,12,0
CMNP,2020-05-26,0,0,0,1400,0,0,0
CMPP,2020-05-26,0,0,0,184,0,0,0
CNKO,2020-05-26,50,50,50,50,9000,1,-9000
CNTB,2020-05-26,0,0,0,250,0,0,0
CNTX,2020-05-26,0,0,0,260,0,0,0
COCO,2020-05-26,790,790,790,790,1000,2,900
COWL,2020-05-26,0,0,0,50,0,0,0
CPIN,2020-05-26,4720,5000,4690,4860,11123200,6126,2096800
CPRI,2020-05-26,0,0,0,50,0,0,0
CPRO,2020-05-26,50,50,50,50,200,1,0
CSAP,2020-05-26,350,350,350,350,52200,2,2200
CSIS,2020-05-26,53,53,50,50,20300,7,0
CSMI,2020-05-26,179,184,175,184,117700,34,0
CSRA,2020-05-26,254,254,242,244,1719900,203,42400
CTBN,2020-05-26,0,0,0,2450,0,0,0
CTRA,2020-05-26,490,525,486,525,39242600,3263,2204600
CTTH,2020-05-26,50,50,50,50,100,1,0
DADA,2020-05-26,197,198,191,191,18517800,2135,0
DART,2020-05-26,0,0,0,260,0,0,0
DAYA,2020-05-26,0,0,0,600,0,0,0
DEAL,2020-05-26,101,101,94,95,4728800,1008,0
DEFI,2020-05-26,0,0,0,1820,0,0,0
DEWA,2020-05-26,50,50,50,50,500,2,0
DFAM,2020-05-26,390,390,390,390,10400,4,0
DGIK,2020-05-26,50,50,50,50,2100,2,0
DIGI,2020-05-26,1700,1700,1700,1700,300,2,0
DILD,2020-05-26,222,222,208,218,853700,76,442300
DIVA,2020-05-26,560,655,560,640,10748600,791,4445000
DKFT,2020-05-26,85,93,85,92,833000,91,-70600
DLTA,2020-05-26,4050,4240,4050,4220,26800,56,-9900
DMAS,2020-05-26,130,140,130,135,61831100,3126,-3073400
DMMX,2020-05-26,73,78,73,73,3535500,206,0
DMND,2020-05-26,960,975,955,965,24800,43,700
DNAR,2020-05-26,175,175,166,166,200,2,0
DNET,2020-05-26,3550,3550,3550,3550,3100,4,0
DOID,2020-05-26,124,127,121,124,16111800,766,-538900
DPNS,2020-05-26,0,0,0,218,0,0,0
DPUM,2020-05-26,84,84,84,84,100,1,0
DSFI,2020-05-26,67,73,67,72,115700,45,0
DSNG,2020-05-26,316,320,310,310,2677400,123,-3600
DSSA,2020-05-26,0,0,0,20975,0,0,0
DUCK,2020-05-26,400,406,398,406,179900,82,8300
DUTI,2020-05-26,0,0,0,4740,0,0,0
DVLA,2020-05-26,2240,2240,2170,2190,370900,42,-1000
DWGL,2020-05-26,240,240,206,240,7500,12,0
DYAN,2020-05-26,50,50,50,50,42300,10,0
EAST,2020-05-26,52,54,51,52,1148600,77,0
ECII,2020-05-26,655,655,640,655,10500,6,76632700
EKAD,2020-05-26,900,915,900,905,156900,64,0
ELSA,2020-05-26,204,208,202,202,29901100,1367,2060100
ELTY,2020-05-26,50,50,50,50,300,2,0
EMDE,2020-05-26,0,0,0,202,0,0,0
EMTK,2020-05-26,4250,4530,4250,4500,9100,12,0
ENRG,2020-05-26,50,50,50,50,72500,13,-34000
ENVY,2020-05-26,96,101,94,94,36837300,1919,-1411600
EPMT,2020-05-26,1760,1770,1720,1770,3500,10,0
ERAA,2020-05-26,1150,1170,1135,1155,13506700,3356,-918900
ERTX,2020-05-26,126,126,126,126,200,1,0
ESIP,2020-05-26,158,166,157,165,3521000,429,0
ESSA,2020-05-26,147,152,145,149,1150100,263,0
ESTA,2020-05-26,98,98,98,98,27300,16,0
ESTI,2020-05-26,50,51,50,50,1700,4,0
ETWA,2020-05-26,50,60,50,60,468900,48,-385500
EXCL,2020-05-26,2420,2510,2400,2430,20617900,5313,-2624300
FAST,2020-05-26,1010,1010,940,965,143700,111,119000
FASW,2020-05-26,0,0,0,6850,0,0,0
FILM,2020-05-26,151,175,151,173,5054600,563,454700
FINN,2020-05-26,0,0,0,50,0,0,0
FIRE,2020-05-26,117,123,113,120,3442100,602,-3600
FISH,2020-05-26,0,0,0,2750,0,0,0
FITT,2020-05-26,57,57,52,54,17500,12,0
FMII,2020-05-26,0,0,0,680,0,0,0
FOOD,2020-05-26,85,88,85,85,183300,42,0
FORU,2020-05-26,0,0,0,81,0,0,0
FORZ,2020-05-26,50,50,50,50,6000,3,0
FPNI,2020-05-26,81,85,81,82,114300,37,-51900
FREN,2020-05-26,97,103,97,99,60118600,1533,2172600
FUJI,2020-05-26,0,0,0,104,0,0,0
GAMA,2020-05-26,0,0,0,50,0,0,0
GDST,2020-05-26,51,53,51,53,240900,44,0
GDYR,2020-05-26,0,0,0,1495,0,0,0
GEMA,2020-05-26,0,0,0,352,0,0,0
GEMS,2020-05-26,0,0,0,2550,0,0,0
GGRM,2020-05-26,47525,48225,46725,47500,1404600,4092,190500
GGRP,2020-05-26,274,274,274,274,24800,8,0
GHON,2020-05-26,1400,1500,1400,1500,12800,6,0
GIAA,2020-05-26,222,232,222,226,27684500,3320,35800
GJTL,2020-05-26,384,384,364,372,4514500,727,-15000
GLOB,2020-05-26,260,260,230,230,500,5,0
GLVA,2020-05-26,248,260,234,260,332700,34,-289300
GMFI,2020-05-26,76,78,76,77,2356100,204,-1063400
GMTD,2020-05-26,0,0,0,17000,0,0,0
GOLD,2020-05-26,0,0,0,181,0,0,0
GOLL,2020-05-26,0,0,0,50,0,0,0
GOOD,2020-05-26,1255,1285,1215,1285,266500,174,0
GPRA,2020-05-26,50,52,50,51,1817700,75,-10000
GREN,2020-05-26,0,0,0,328,0,0,0
GSMF,2020-05-26,0,0,0,113,0,0,0
GTBO,2020-05-26,78,81,73,80,23200,27,0
GWSA,2020-05-26,89,90,84,84,407900,45,115500
GZCO,2020-05-26,50,50,50,50,100,1,0
HADE,2020-05-26,0,0,0,50,0,0,0
HDFA,2020-05-26,0,0,0,160,0,0,0
HDIT,2020-05-26,450,450,450,450,300,1,0
HDTX,2020-05-26,0,0,0,120,0,0,0
HEAL,2020-05-26,3010,3050,3010,3010,529400,197,27800
HELI,2020-05-26,194,194,173,174,2700,11,0
HERO,2020-05-26,860,900,860,900,53100,15,50200
HEXA,2020-05-26,2660,2800,2650,2700,194400,113,-75400
HITS,2020-05-26,535,535,530,530,9200,3,0
HKMU,2020-05-26,70,73,69,70,29215500,524,0
HMSP,2020-05-26,1785,1915,1775,1910,56903300,8237,-9630400
HOKI,2020-05-26,675,685,670,675,12079200,842,36600
HOME,2020-05-26,0,0,0,50,0,0,0
HOTL,2020-05-26,79,79,74,78,2900,6,2000
HRME,2020-05-26,186,186,186,186,163400,36,0
HRTA,2020-05-26,240,246,224,242,160400,84,0
HRUM,2020-05-26,1255,1255,1235,1235,70000,80,0
IATA,2020-05-26,50,50,50,50,200,2,0
IBFN,2020-05-26,0,0,0,320,0,0,0
IBST,2020-05-26,0,0,0,8200,0,0,0
ICBP,2020-05-26,9600,9600,8950,8950,10324600,9035,-2285700
ICON,2020-05-26,56,56,54,54,20500,5,0
IDPR,2020-05-26,119,119,111,116,337200,31,0
IFII,2020-05-26,136,137,136,137,85100,35,0
IFSH,2020-05-26,262,262,262,262,3200,15,0
IGAR,2020-05-26,234,240,234,238,518900,26,0
IIKP,2020-05-26,0,0,0,50,0,0,0
IKAI,2020-05-26,50,50,50,50,200,2,0
IKAN,2020-05-26,326,360,324,356,6352200,671,0
IKBI,2020-05-26,0,0,0,208,0,0,0
IMAS,2020-05-26,500,515,494,510,482000,132,-29100
IMJS,2020-05-26,117,128,117,125,1035800,88,0
IMPC,2020-05-26,1090,1095,1090,1095,585100,22,0
INAF,2020-05-26,955,960,925,950,1076400,600,-30700
INAI,2020-05-26,370,370,346,346,3800,9,0
INCF,2020-05-26,50,50,50,50,100,1,0
INCI,2020-05-26,404,404,400,400,25000,4,0
INCO,2020-05-26,2960,3080,2940,3040,6255900,1907,-6438000
INDF,2020-05-26,6425,6425,6000,6000,17466600,8453,-4849600
INDO,2020-05-26,73,83,73,77,68100,42,0
INDR,2020-05-26,2200,2250,2150,2250,20800,17,0
INDS,2020-05-26,1875,1925,1875,1925,200,2,0
INDX,2020-05-26,50,50,50,50,10100,6,0
INDY,2020-05-26,680,710,650,690,5357600,798,604400
INKP,2020-05-26,4940,5125,4890,5125,3302100,2285,-330100
INOV,2020-05-26,320,320,298,298,403000,16,0
INPC,2020-05-26,50,50,50,50,13600,8,0
INPP,2020-05-26,710,750,680,735,130500,16,0
INPS,2020-05-26,3470,3480,3300,3360,329300,37,1300
INRU,2020-05-26,0,0,0,870,0,0,0
INTA,2020-05-26,270,270,270,270,11100000,3,0
INTD,2020-05-26,0,0,0,248,0,0,0
INTP,2020-05-26,10900,11300,10725,11100,2689400,2822,1378400
IPCC,2020-05-26,320,328,310,314,5571300,794,0
IPCM,2020-05-26,180,185,171,179,50700,53,0
IPOL,2020-05-26,61,62,60,60,15700,8,0
IPTV,2020-05-26,384,386,380,382,12121400,12731,-526000
IRRA,2020-05-26,550,555,545,555,2090000,188,26800
ISAT,2020-05-26,1990,2120,1980,2110,8717400,2510,-530900
ISSP,2020-05-26,115,127,114,121,20222100,2246,57200
ITIC,2020-05-26,1820,1980,1810,1925,983100,1009,-101700
ITMA,2020-05-26,0,0,0,410,0,0,0
ITMG,2020-05-26,7750,8100,7750,8100,3255700,2811,440926
JAST,2020-05-26,123,123,123,123,698700,100,0
JAWA,2020-05-26,61,61,61,61,100,1,0
JAYA,2020-05-26,53,63,53,57,1025500,56,0
JECC,2020-05-26,6950,6950,6950,6950,200,2,0
JGLE,2020-05-26,0,0,0,50,0,0,0
JIHD,2020-05-26,0,0,0,450,0,0,95
JKON,2020-05-26,0,0,0,420,0,0,0
JKSW,2020-05-26,0,0,0,60,0,0,0
JMAS,2020-05-26,200,230,200,200,25500,13,0
JPFA,2020-05-26,900,905,880,895,28029500,3507,3275400
JRPT,2020-05-26,408,410,404,410,434900,142,153000
JSKY,2020-05-26,92,92,79,80,10868500,610,0
JSMR,2020-05-26,3730,4050,3700,3940,23161400,6961,-1953171
JSPT,2020-05-26,990,990,990,990,100,1,0
JTPE,2020-05-26,720,720,710,710,145200,31,25300
KAEF,2020-05-26,1200,1205,1130,1165,9248700,3843,29100
KARW,2020-05-26,0,0,0,50,0,0,0
KAYU,2020-05-26,50,50,50,50,181300,17,0
KBAG,2020-05-26,300,308,296,300,26735800,4083,0
KBLI,2020-05-26,400,408,400,404,12683700,123,-5000
KBLM,2020-05-26,320,330,298,298,7200,25,1900
KBLV,2020-05-26,0,0,0,330,0,0,0
KBRI,2020-05-26,0,0,0,50,0,0,0
KDSI,2020-05-26,760,760,760,760,1100,2,0
KEEN,2020-05-26,292,292,272,290,2241800,109,-5000
KEJU,2020-05-26,745,765,745,760,128200,53,0
KIAS,2020-05-26,0,0,0,50,0,0,0
KICI,2020-05-26,186,200,186,198,2200,6,0
KIJA,2020-05-26,136,138,134,138,2706400,93,-9207836
KINO,2020-05-26,2630,2630,2530,2570,1702100,699,134800
KIOS,2020-05-26,222,222,185,185,4700,6,-3187900
KJEN,2020-05-26,0,0,0,1260,0,0,0
KKGI,2020-05-26,185,199,184,199,3300,8,0
KLBF,2020-05-26,1355,1360,1320,1325,35300400,6164,7743300
KMTR,2020-05-26,218,250,218,244,5800,17,-700
KOBX,2020-05-26,87,95,85,95,1210700,315,-70000
KOIN,2020-05-26,0,0,0,100,0,0,0
KONI,2020-05-26,0,0,0,428,0,0,0
KOPI,2020-05-26,555,555,545,555,27800,12,0
KOTA,2020-05-26,600,630,575,620,9857700,527,0
KPAL,2020-05-26,59,64,59,60,8321900,603,0
KPAS,2020-05-26,50,53,50,51,1537600,179,0
KPIG,2020-05-26,114,114,111,114,637300,33,-7640800
KRAH,2020-05-26,498,498,478,478,2100,4,0
KRAS,2020-05-26,173,177,171,173,6550300,448,1376800
KREN,2020-05-26,0,0,0,76,0,0,0
LAND,2020-05-26,260,310,242,300,408800,58,0
LAPD,2020-05-26,0,0,0,50,0,0,0
LCGP,2020-05-26,0,0,0,114,0,0,0
LCKM,2020-05-26,358,370,358,370,5700,3,0
LEAD,2020-05-26,50,50,50,50,200,2,0
LIFE,2020-05-26,5000,5000,5000,5000,100,1,0
LINK,2020-05-26,2510,2610,2500,2590,541500,388,9500
LION,2020-05-26,240,240,232,236,501900,8,0
LMAS,2020-05-26,50,50,50,50,1100,2,0
LMPI,2020-05-26,80,84,80,84,800,4,0
LMSH,2020-05-26,230,230,230,230,100,1,0
LPCK,2020-05-26,665,690,660,680,441800,161,28300
LPGI,2020-05-26,0,0,0,3700,0,0,0
LPIN,2020-05-26,206,220,196,196,83300,12,0
LPKR,2020-05-26,143,150,140,150,17949600,757,1937600
LPLI,2020-05-26,70,70,70,70,400,3,0
LPPF,2020-05-26,1370,1520,1365,1500,46633500,9177,-3570400
LPPS,2020-05-26,71,72,71,71,12700,7,0
LRNA,2020-05-26,0,0,0,148,0,0,0
LSIP,2020-05-26,715,740,695,720,16190900,1390,745200
LTLS,2020-05-26,400,420,400,420,133300,47,0
LUCK,2020-05-26,320,326,308,312,851100,287,-46900
MABA,2020-05-26,0,0,0,50,0,0,0
MAGP,2020-05-26,50,50,50,50,100,1,19625000
MAIN,2020-05-26,505,510,498,505,6511400,706,-156500
MAMI,2020-05-26,50,50,50,50,2100,2,0
MAMIP,2020-05-26,0,0,0,600,0,0,0
MAPA,2020-05-26,2250,2300,2230,2280,4518400,913,2648200
MAPB,2020-05-26,1695,1695,1690,1690,2800,5,0
MAPI,2020-05-26,700,705,655,680,51440100,4726,32812400
MARI,2020-05-26,125,130,125,130,18600,13,0
MARK,2020-05-26,400,470,400,442,11979200,968,-4786700
MASA,2020-05-26,0,0,0,392,0,0,0
MAYA,2020-05-26,0,0,0,6500,0,0,0
MBAP,2020-05-26,1580,1610,1580,1610,38400,15,0
MBSS,2020-05-26,304,312,304,312,418900,110,0
MBTO,2020-05-26,59,59,59,59,100,1,0
MCAS,2020-05-26,665,665,620,645,618900,259,-137300
MCOR,2020-05-26,116,122,114,120,4083000,359,0
MDIA,2020-05-26,50,50,50,50,700,1,0
MDKA,2020-05-26,1355,1360,1310,1345,31079100,2374,-3410600
MDKI,2020-05-26,122,131,122,125,1273800,172,1000000
MDLN,2020-05-26,50,67,50,67,859694900,11592,-15493300
MDRN,2020-05-26,50,50,50,50,100,1,0
MEDC,2020-05-26,466,472,462,466,48201900,2376,-452900
MEGA,2020-05-26,6200,6200,6200,6200,7500,6,2500
MERK,2020-05-26,2150,2200,2150,2160,37700,42,0
META,2020-05-26,90,91,90,90,284600,32,0
MFIN,2020-05-26,845,845,840,845,110900,15,8400
MFMI,2020-05-26,484,530,484,525,71700,63,0
MGNA,2020-05-26,0,0,0,50,0,0,0
MGRO,2020-05-26,705,715,695,700,2917900,190,13800
MICE,2020-05-26,310,310,294,294,12600,8,0
MIDI,2020-05-26,1495,1500,1400,1400,13200,16,0
MIKA,2020-05-26,2320,2350,2270,2300,1064900,741,-165800
MINA,2020-05-26,50,50,50,50,101100,8,0
MIRA,2020-05-26,0,0,0,50,0,0,0
MITI,2020-05-26,0,0,0,51,0,0,0
MKNT,2020-05-26,0,0,0,50,0,0,0
MKPI,2020-05-26,0,0,0,15850,0,0,0
MLBI,2020-05-26,9825,10000,9825,9900,20900,33,0
MLIA,2020-05-26,498,498,490,494,8335200,319,-3800
MLPL,2020-05-26,50,51,50,51,1729500,38,0
MLPT,2020-05-26,480,490,440,462,123300,87,0
MMLP,2020-05-26,139,141,139,140,45500,26,0
MNCN,2020-05-26,870,885,825,855,94089900,10080,41736400
MOLI,2020-05-26,0,0,0,1135,0,0,0
MPMX,2020-05-26,580,615,580,610,9707400,1669,2613000
MPOW,2020-05-26,62,65,55,56,199200,48,0
MPPA,2020-05-26,110,113,109,110,908200,92,72500
MPRO,2020-05-26,910,910,865,865,400,3,0
MRAT,2020-05-26,125,125,124,125,11700,9,11500
MREI,2020-05-26,0,0,0,6950,0,0,0
MSIN,2020-05-26,316,316,314,314,130300,7,-100
MSKY,2020-05-26,995,1000,995,1000,3100,3,-2500
MTDL,2020-05-26,1235,1350,1225,1330,818100,558,-69300
MTFN,2020-05-26,0,0,0,50,0,0,0
MTLA,2020-05-26,372,388,372,388,1200,3,0
MTPS,2020-05-26,139,147,139,142,84700,45,0
MTRA,2020-05-26,0,0,0,244,0,0,0
MTSM,2020-05-26,166,166,166,166,100,1,0
MTWI,2020-05-26,50,50,50,50,6300,5,0
MYOH,2020-05-26,1025,1025,955,955,140600,105,112200
MYOR,2020-05-26,2140,2140,2100,2120,1756400,1020,-469600
MYRX,2020-05-26,0,0,0,50,0,0,0
MYRXP,2020-05-26,0,0,0,50,0,0,0
MYTX,2020-05-26,52,52,52,52,100,1,0
NASA,2020-05-26,200,200,200,200,2000,1,0
NATO,2020-05-26,600,600,590,590,151000,52,48200
NELY,2020-05-26,133,133,133,133,500,2,0
NFCX,2020-05-26,1355,1395,1355,1395,1200,3,0
NICK,2020-05-26,0,0,0,334,0,0,0
NIKL,2020-05-26,414,414,404,412,428200,187,86600
NIPS,2020-05-26,0,0,0,282,0,0,0
NIRO,2020-05-26,143,143,143,143,100,1,0
NISP,2020-05-26,715,715,700,700,29600,19,0
NOBU,2020-05-26,0,0,0,755,0,0,0
NRCA,2020-05-26,334,334,314,320,229100,40,0
NUSA,2020-05-26,0,0,0,50,0,0,0
NZIA,2020-05-26,131,138,130,132,9600,28,0
OASA,2020-05-26,350,350,340,340,3000,4,0
OCAP,2020-05-26,165,165,165,165,100,1,0
OKAS,2020-05-26,75,80,71,77,5989900,297,0
OMRE,2020-05-26,0,0,0,340,0,0,0
OPMS,2020-05-26,89,97,89,93,3217200,371,0
PADI,2020-05-26,50,50,50,50,500,1,0
PALM,2020-05-26,190,190,183,183,16100,10,0
PAMG,2020-05-26,62,66,62,65,1293400,185,0
PANI,2020-05-26,74,93,69,69,16300,19,0
PANR,2020-05-26,106,126,100,113,25924200,2210,-260000
PANS,2020-05-26,740,750,740,740,80100,38,21000
PBID,2020-05-26,910,910,900,900,2400,7,-1500
PBRX,2020-05-26,214,224,204,224,1895300,117,-1220400
PBSA,2020-05-26,0,0,0,750,0,0,0
PCAR,2020-05-26,204,218,204,218,200,2,0
PDES,2020-05-26,390,400,390,400,2600,6,0
PEGE,2020-05-26,160,160,160,160,2700,2,0
PEHA,2020-05-26,1025,1025,995,1010,33500,22,-200
PGAS,2020-05-26,850,890,840,890,198105500,11044,-4298300
PGJO,2020-05-26,93,93,93,93,9000,3,0
PGLI,2020-05-26,0,0,0,298,0,0,0
PICO,2020-05-26,160,170,149,150,148800,27,0
PJAA,2020-05-26,420,442,420,434,385700,71,0
PKPK,2020-05-26,50,50,50,50,100,1,0
PLAS,2020-05-26,0,0,0,50,0,0,0
PLIN,2020-05-26,2140,2200,2140,2200,6300,10,0
PMJS,2020-05-26,127,127,127,127,91000,8,0
PNBN,2020-05-26,680,700,670,690,1228900,160,96500
PNBS,2020-05-26,50,50,50,50,37200,7,0
PNIN,2020-05-26,800,800,760,785,126900,23,-16600
PNLF,2020-05-26,164,172,164,171,8064700,872,893400
PNSE,2020-05-26,0,0,0,555,0,0,0
POLA,2020-05-26,65,68,64,64,3528600,657,0
POLI,2020-05-26,1140,1190,1020,1035,139300,36,0
POLL,2020-05-26,8725,8750,8125,8125,149300,220,-11100
POLU,2020-05-26,900,995,850,850,900,7,0
POLY,2020-05-26,0,0,0,50,0,0,0
POOL,2020-05-26,50,50,50,50,400,2,0
PORT,2020-05-26,640,640,640,640,100,1,0
POSA,2020-05-26,0,0,0,50,0,0,0
POWR,2020-05-26,580,600,570,595,2950600,377,2175200
PPRE,2020-05-26,188,195,187,195,28605700,3714,-404200
PPRO,2020-05-26,50,50,50,50,6428300,294,423509
PRAS,2020-05-26,169,169,157,157,12300,21,0
PRDA,2020-05-26,3200,3270,3100,3150,7400,15,400
PRIM,2020-05-26,282,282,278,282,4100,12,0
PSAB,2020-05-26,190,191,186,190,16718400,1242,-147000
PSDN,2020-05-26,129,129,120,120,400,3,0
PSGO,2020-05-26,108,111,106,109,25600,12,500
PSKT,2020-05-26,0,0,0,50,0,0,0
PSSI,2020-05-26,140,140,137,140,36500,25,0
PTBA,2020-05-26,1945,2060,1930,2040,51276500,7360,2664100
PTIS,2020-05-26,192,240,180,191,29000,30,0
PTPP,2020-05-26,645,675,635,670,50256900,2733,-66500
PTPW,2020-05-26,780,800,775,775,2299500,394,0
PTRO,2020-05-26,1215,1225,1200,1220,610200,301,-23000
PTSN,2020-05-26,165,182,159,163,16416600,1711,200000
PTSP,2020-05-26,3700,3700,3700,3700,140000,1,140000
PUDP,2020-05-26,228,228,228,228,100,1,0
PURA,2020-05-26,83,83,78,79,55279000,20190,-569200
PURE,2020-05-26,100,100,91,94,2567400,2791,0
PWON,2020-05-26,342,366,334,362,147972300,6115,53319200
PYFA,2020-05-26,398,446,398,428,1662800,186,0
PZZA,2020-05-26,700,720,690,720,222900,101,-74400
R-ABFII,2020-05-26,0,0,0,28600,0,0,0
RAJA,2020-05-26,92,93,90,91,2123500,299,0
RALS,2020-05-26,590,610,585,590,7699200,1491,790300
RANC,2020-05-26,350,370,340,340,501100,12,0
RBMS,2020-05-26,0,0,0,50,0,0,0
RDTX,2020-05-26,4900,4900,4900,4900,200,2,0
REAL,2020-05-26,58,59,54,54,49021500,2425,2208900
RELI,2020-05-26,0,0,0,288,0,0,0
RICY,2020-05-26,103,103,97,102,56500,15,0
RIGS,2020-05-26,192,200,192,200,1100,2,0
RIMO,2020-05-26,0,0,0,50,0,0,0
RISE,2020-05-26,422,422,420,422,406400,94,0
RMBA,2020-05-26,256,276,240,240,138000,19,0
RODA,2020-05-26,50,50,50,50,352300,11,0
RONY,2020-05-26,178,190,177,179,43100,28,0
ROTI,2020-05-26,1225,1235,1210,1220,302900,51,-120800
RUIS,2020-05-26,167,180,167,174,2800,14,0
SAFE,2020-05-26,189,190,188,189,281500,59,0
SAME,2020-05-26,103,103,92,96,17910700,82,12400
SAMF,2020-05-26,412,420,410,418,441400,194,0
SAPX,2020-05-26,0,0,0,1460,0,0,0
SATU,2020-05-26,0,0,0,50,0,0,0
SBAT,2020-05-26,105,115,105,109,14056500,964,88000
SCCO,2020-05-26,9225,9225,9225,9225,500,2,0
SCMA,2020-05-26,820,830,795,825,13224200,1832,316649600
SCPI,2020-05-26,0,0,0,29000,0,0,0
SDMU,2020-05-26,50,50,50,50,1300,5,0
SDPC,2020-05-26,93,100,91,100,81300,31,0
SDRA,2020-05-26,940,1000,875,925,700,5,0
SFAN,2020-05-26,670,670,665,670,300,3,0
SGRO,2020-05-26,2500,2500,2330,2340,57400,33,3600
SHID,2020-05-26,0,0,0,3700,0,0,0
SHIP,2020-05-26,640,650,630,630,307100,62,0
SIDO,2020-05-26,1225,1260,1225,1245,2617700,1138,-1300500
SILO,2020-05-26,5500,5650,5475,5475,229700,51,-49400
SIMA,2020-05-26,0,0,0,50,0,0,0
SIMP,2020-05-26,210,210,206,208,3692200,201,-77500
SINI,2020-05-26,985,985,985,985,100,1,0
SIPD,2020-05-26,1200,1300,1200,1300,41400,37,0
SKBM,2020-05-26,370,370,370,370,100,1,0
SKLT,2020-05-26,0,0,0,1610,0,0,0
SKRN,2020-05-26,625,660,605,650,3886100,811,0
SKYB,2020-05-26,0,0,0,51,0,0,0
SLIS,2020-05-26,5050,5200,5025,5125,211100,53,0
SMAR,2020-05-26,2850,2850,2780,2790,8500,10,0
SMBR,2020-05-26,286,294,282,286,2569600,541,-101400
SMCB,2020-05-26,1010,1015,995,995,121700,52,0
SMDM,2020-05-26,0,0,0,95,0,0,0
SMDR,2020-05-26,147,147,137,144,270100,54,-100
SMGR,2020-05-26,8450,8875,8300,8575,3069900,3794,-1427300
SMKL,2020-05-26,184,185,177,183,385600,7,0
SMMA,2020-05-26,12250,12250,12250,12250,1300,3,-426900
SMMT,2020-05-26,84,85,80,84,4400,15,0
SMRA,2020-05-26,420,442,420,436,43932100,2977,6448600
SMRU,2020-05-26,0,0,0,50,0,0,0
SMSM,2020-05-26,1125,1145,1100,1125,2730100,564,363800
SOCI,2020-05-26,128,132,124,129,10033400,733,-351700
SONA,2020-05-26,0,0,0,5000,0,0,0
SOSS,2020-05-26,414,420,390,420,55500,21,0
SOTS,2020-05-26,190,190,190,190,900500,1,0
SPMA,2020-05-26,280,280,280,280,2100,4,0
SPTO,2020-05-26,545,545,510,515,1000,10,1000
SQMI,2020-05-26,188,191,188,190,1039700,131,-400000
SRAJ,2020-05-26,137,137,125,135,75800,19,0
SRIL,2020-05-26,148,153,145,147,42437400,2009,35221800
SRSN,2020-05-26,53,54,52,53,4435200,189,0
SRTG,2020-05-26,2810,2880,2770,2870,602700,125,330900
SSIA,2020-05-26,296,296,286,292,8609000,815,2307300
SSMS,2020-05-26,930,935,910,910,272400,280,168700
SSTM,2020-05-26,0,0,0,615,0,0,0
STAR,2020-05-26,0,0,0,138,0,0,0
STTP,2020-05-26,9400,9400,9400,9400,1700,9,0
SUGI,2020-05-26,0,0,0,50,0,0,0
SULI,2020-05-26,0,0,0,50,0,0,0
SUPR,2020-05-26,0,0,0,4000,0,0,0
SURE,2020-05-26,2890,2890,2890,2890,403500,5,0
SWAT,2020-05-26,90,101,90,93,2329200,193,0
TALF,2020-05-26,280,288,280,288,1100,3,0
TAMA,2020-05-26,146,150,140,150,21900,10,0
TAMU,2020-05-26,75,75,75,75,68200,21,68200
TARA,2020-05-26,0,0,0,198,0,0,0
TAXI,2020-05-26,50,50,50,50,100,1,0
TBIG,2020-05-26,1050,1080,1050,1060,21715000,2022,1824900
TBLA,2020-05-26,545,555,525,550,3086600,314,1514300
TBMS,2020-05-26,670,670,665,665,300,3,0
TCID,2020-05-26,8000,8000,7750,7975,5800,9,0
TCPI,2020-05-26,4870,4990,4700,4990,10450800,8343,154700
TDPM,2020-05-26,97,100,95,96,3602900,298,-350000
TEBE,2020-05-26,0,0,0,1615,0,0,0
TELE,2020-05-26,111,113,109,113,24549800,1190,-1051800
TFAS,2020-05-26,140,152,140,152,13600,16,0
TFCO,2020-05-26,500,500,500,500,100,1,0
TGKA,2020-05-26,5750,5750,5350,5400,1000,9,0
TGRA,2020-05-26,65,74,63,71,3433300,318,-49400
TIFA,2020-05-26,196,197,196,197,2200,3,0
TINS,2020-05-26,462,484,460,482,19475700,1930,2849200
TIRA,2020-05-26,278,278,278,278,1500,4,0
TIRT,2020-05-26,0,0,0,55,0,0,0
TKIM,2020-05-26,4040,4480,4030,4470,15623700,9255,1654200
TLKM,2020-05-26,3150,3280,3130,3250,105792900,13131,-2851000
TMAS,2020-05-26,85,93,85,92,532600,78,0
TMPO,2020-05-26,118,119,118,119,1800,4,0
TNCA,2020-05-26,248,248,248,248,100,1,0
TOBA,2020-05-26,0,0,0,334,0,0,0
TOPS,2020-05-26,50,50,50,50,27400,13,0
TOTL,2020-05-26,270,272,266,268,4008700,233,1818300
TOTO,2020-05-26,220,230,220,222,91500,21,-47200
TOWR,2020-05-26,920,945,905,930,87073800,17641,7290400
TPIA,2020-05-26,7000,7175,6950,7150,4173000,2477,91000
TPMA,2020-05-26,0,0,0,226,0,0,0
TRAM,2020-05-26,0,0,0,50,0,0,0
TRIL,2020-05-26,0,0,0,50,0,0,0
TRIM,2020-05-26,122,122,118,118,2500,2,0
TRIN,2020-05-26,256,272,250,256,14595300,1343,0
TRIO,2020-05-26,0,0,0,426,0,0,0
TRIS,2020-05-26,234,260,234,260,35100,6,0
TRST,2020-05-26,0,0,0,352,0,0,0
TRUK,2020-05-26,99,100,99,100,363400,50,0
TRUS,2020-05-26,376,376,332,332,200,2,0
TSPC,2020-05-26,1190,1190,1180,1190,175000,31,143200
TUGU,2020-05-26,2790,2790,2600,2600,26700,15,-12000
TURI,2020-05-26,0,0,0,1410,0,0,0
UCID,2020-05-26,1625,1625,1560,1575,398300,238,312500
ULTJ,2020-05-26,1500,1515,1475,1475,654200,375,335600
UNIC,2020-05-26,3140,3150,3140,3150,13900,6,0
UNIT,2020-05-26,164,164,144,144,17500,16,0
UNSP,2020-05-26,50,50,50,50,228400,28,-30000
UNTR,2020-05-26,14750,15100,14600,15075,4214200,4105,1504400
UNVR,2020-05-26,8050,8275,8050,8150,27690800,9254,1661785
URBN,2020-05-26,1675,1680,1675,1680,4100,4,0
VICO,2020-05-26,103,103,93,100,800,6,0
VINS,2020-05-26,115,115,104,110,12300,36,0
VIVA,2020-05-26,50,50,50,50,9100,5,0
VOKS,2020-05-26,250,262,234,234,223200,59,0
VRNA,2020-05-26,0,0,0,135,0,0,0
WAPO,2020-05-26,0,0,0,67,0,0,0
WEGE,2020-05-26,157,161,155,160,22816100,1152,4126900
WEHA,2020-05-26,77,100,77,87,3296500,551,0
WICO,2020-05-26,0,0,0,600,0,0,0
WIIM,2020-05-26,116,118,113,114,2884300,371,0
WIKA,2020-05-26,970,1010,950,1000,42685200,5075,2296500
WINS,2020-05-26,63,65,60,64,130400,30,0
WOMF,2020-05-26,198,199,184,189,282600,74,0
WOOD,2020-05-26,350,366,346,348,19627600,992,337500
WOWS,2020-05-26,50,50,50,50,34000,5,0
WSBP,2020-05-26,153,155,144,153,69711700,2974,14025900
WSKT,2020-05-26,590,605,575,600,36017600,2567,-433000
WTON,2020-05-26,220,226,218,224,4797400,466,-371300
XMJM,2020-05-26,0,0,0,1001,0,0,0
XPMI,2020-05-26,0,0,0,677,0,0,0
XSMU,2020-05-26,0,0,0,92,0,0,0
XSPI,2020-05-26,0,0,0,750,0,0,0
YELO,2020-05-26,50,50,50,50,6000,5,0
YPAS,2020-05-26,555,555,496,496,2000,4,0
YULE,2020-05-26,189,189,189,189,100,1,0
ZBRA,2020-05-26,50,50,50,50,100,1,0
ZINC,2020-05-26,137,143,137,141,148746500,1123,-3448900
ZONE,2020-05-26,416,420,416,420,139900,40,0
