AALI,2020-02-07,12175,12225,11800,12050,635000,817,-36900
ABBA,2020-02-07,70,74,69,69,19041000,3092,-22900
ABDA,2020-02-07,0,0,0,6800,0,0,0
ABMM,2020-02-07,0,0,0,1485,0,0,0
ACES,2020-02-07,1640,1680,1610,1680,26416900,3084,381500
ACST,2020-02-07,850,855,780,790,1133600,220,810500
ADES,2020-02-07,940,960,940,955,2500,7,0
ADHI,2020-02-07,1050,1055,1030,1030,3352000,822,92400
ADMF,2020-02-07,9975,10100,9950,10075,110100,27,-3300
ADMG,2020-02-07,148,148,145,146,595900,58,232400
ADRO,2020-02-07,1285,1315,1285,1305,15026100,2534,2265900
AGAR,2020-02-07,442,456,438,442,329700,46,0
AGII,2020-02-07,585,595,570,575,17300,29,0
AGRO,2020-02-07,154,157,152,153,2128500,391,0
AGRS,2020-02-07,150,155,150,150,400,4,0
AHAP,2020-02-07,57,58,54,56,247200,50,0
AIMS,2020-02-07,0,0,0,180,0,0,0
AISA,2020-02-07,0,0,0,168,0,0,0
AKKU,2020-02-07,50,50,50,50,1000,1,0
AKPI,2020-02-07,0,0,0,340,0,0,0
AKRA,2020-02-07,3310,3430,3280,3400,14479900,2673,974400
AKSI,2020-02-07,424,424,424,424,9500,4,8400
ALDO,2020-02-07,470,480,410,454,10400,6,0
ALKA,2020-02-07,328,328,328,328,100,1,0
ALMI,2020-02-07,318,318,318,318,500,1,0
ALTO,2020-02-07,388,408,330,396,33879300,40,0
AMAG,2020-02-07,0,0,0,304,0,0,0
AMAR,2020-02-07,430,436,420,426,231300,133,6900
AMFG,2020-02-07,3210,3280,3200,3280,6000,5,0
AMIN,2020-02-07,400,400,400,400,2000,1,0
AMOR,2020-02-07,2460,2480,2460,2470,9300,19,-500
AMRT,2020-02-07,800,820,800,800,2477000,44,2476000
ANDI,2020-02-07,50,50,50,50,25100,10,0
ANJT,2020-02-07,0,0,0,860,0,0,0
ANTM,2020-02-07,730,740,720,730,27156200,2524,-586500
APEX,2020-02-07,0,0,0,232,0,0,0
APIC,2020-02-07,695,700,695,700,88000,14,-8200
APII,2020-02-07,199,199,199,199,5000,1,0
APLI,2020-02-07,170,170,158,166,33900,14,0
APLN,2020-02-07,157,160,156,158,6149100,530,1132500
APOL,2020-02-07,0,0,0,50,0,0,0
ARGO,2020-02-07,0,0,0,825,0,0,0
ARII,2020-02-07,0,0,0,735,0,0,0
ARKA,2020-02-07,2000,2000,1990,1995,1101000,550,0
ARMY,2020-02-07,0,0,0,50,0,0,0
ARNA,2020-02-07,460,470,446,462,2206800,101,-333900
ARTA,2020-02-07,310,310,310,310,1800,2,0
ARTI,2020-02-07,50,50,50,50,4300,1,0
ARTO,2020-02-07,3400,3450,3350,3400,9400,28,-1400
ASBI,2020-02-07,0,0,0,298,0,0,0
ASDM,2020-02-07,1000,1000,1000,1000,1300,3,0
ASGR,2020-02-07,950,955,950,955,11900,8,0
ASII,2020-02-07,6550,6550,6400,6400,13918700,3808,-166600
ASJT,2020-02-07,126,130,123,124,266300,25,0
ASMI,2020-02-07,1345,1345,1335,1345,128300,68,63500
ASRI,2020-02-07,195,198,190,191,3395400,491,1495900
ASRM,2020-02-07,0,0,0,2020,0,0,0
ASSA,2020-02-07,605,615,590,605,5713800,271,-900
ATIC,2020-02-07,0,0,0,650,0,0,0
AUTO,2020-02-07,1180,1200,1165,1165,717500,331,0
BABP,2020-02-07,50,50,50,50,200,1,0
BABP-W3,2020-02-07,33,40,25,38,11300,0,0
BABP-W4,2020-02-07,11,13,11,11,804300,0,0
BACA,2020-02-07,0,0,0,310,0,0,0
BAJA,2020-02-07,75,75,72,72,891600,115,0
BALI,2020-02-07,830,910,830,910,3700,7,0
BAPA,2020-02-07,53,54,52,53,28700,8,0
BAPI,2020-02-07,50,50,50,50,7000,8,0
BATA,2020-02-07,625,625,625,625,100,1,-100
BAYU,2020-02-07,0,0,0,1125,0,0,0
BBCA,2020-02-07,33550,33900,33525,33800,16521800,6828,-7173867
BBHI,2020-02-07,109,109,105,109,54200,6,0
BBKP,2020-02-07,208,212,204,210,6554000,483,4219500
BBLD,2020-02-07,0,0,0,428,0,0,0
BBMD,2020-02-07,0,0,0,2340,0,0,0
BBNI,2020-02-07,7400,7400,7350,7350,19617100,2513,-221800
BBRI,2020-02-07,4580,4580,4540,4550,133042500,7870,55314123
BBRM,2020-02-07,0,0,0,50,0,0,0
BBTN,2020-02-07,1850,1870,1830,1845,20020700,3188,12822400
BBYB,2020-02-07,290,294,290,294,13700,9,-13700
BCAP,2020-02-07,145,148,145,146,232500,77,-36200
BCIC,2020-02-07,0,0,0,450,0,0,0
BCIP,2020-02-07,50,50,50,50,16600,4,0
BDMN,2020-02-07,3600,3620,3570,3580,682300,501,103100
BEEF,2020-02-07,380,380,364,370,1365900,288,573900
BEKS,2020-02-07,50,50,50,50,1400,3,0
BELL,2020-02-07,550,550,550,550,57100,26,0
BEST,2020-02-07,179,179,171,172,7907100,1001,2353000
BFIN,2020-02-07,560,560,540,550,100500,24,31100
BGTG,2020-02-07,53,53,51,52,298100,38,0
BHIT,2020-02-07,65,66,64,65,3837300,703,-1244900
BIKA,2020-02-07,0,0,0,195,0,0,0
BIMA,2020-02-07,50,50,50,50,1000,1,0
BINA,2020-02-07,870,915,860,915,1651000,100,0
BIPI,2020-02-07,50,50,50,50,2800,3,0
BIPP,2020-02-07,0,0,0,50,0,0,0
BIRD,2020-02-07,2470,2480,2440,2470,563400,124,-145000
BISI,2020-02-07,995,1000,990,1000,17800,17,0
BJBR,2020-02-07,1045,1065,1025,1035,8313900,1533,-401600
BJTM,2020-02-07,645,650,635,650,3967800,916,-1416500
BKDP,2020-02-07,59,59,56,56,2400,4,0
BKSL,2020-02-07,58,59,57,58,45816600,552,22970600
BKSW,2020-02-07,130,164,130,164,600,6,0
BLTA,2020-02-07,50,50,50,50,1500,2,0
BLTZ,2020-02-07,0,0,0,3150,0,0,0
BLUE,2020-02-07,535,545,525,530,136200,180,0
BMAS,2020-02-07,238,278,220,220,10600,11,0
BMRI,2020-02-07,7675,7750,7675,7725,43219300,3419,-3928400
BMSR,2020-02-07,90,90,85,85,46900,31,0
BMTR,2020-02-07,360,360,348,352,5962200,1391,975700
BNBA,2020-02-07,314,314,310,314,179900,34,13700
BNBR,2020-02-07,0,0,0,50,0,0,0
BNGA,2020-02-07,890,900,875,875,2948300,401,-162448
BNII,2020-02-07,202,202,200,202,307500,24,280469
BNLI,2020-02-07,1205,1205,1195,1205,7413400,506,-3338800
BOGA,2020-02-07,1565,1580,1560,1580,30364900,575,-1285600
BOLA,2020-02-07,262,268,258,260,16200,20,0
BOLT,2020-02-07,820,830,810,825,101800,104,0
BOSS,2020-02-07,131,135,130,131,456400,124,0
BPFI,2020-02-07,0,0,0,1310,0,0,0
BPII,2020-02-07,0,0,0,10000,0,0,0
BPTR,2020-02-07,91,94,90,92,22400,106,0
BRAM,2020-02-07,0,0,0,6500,0,0,0
BRIS,2020-02-07,316,326,316,324,3480400,437,-178400
BRMS,2020-02-07,50,50,50,50,94200,15,0
BRNA,2020-02-07,0,0,0,1020,0,0,0
BRPT,2020-02-07,1240,1270,1235,1265,58846600,2868,-1730700
BSDE,2020-02-07,1180,1215,1175,1195,10949900,2502,-620100
BSIM,2020-02-07,510,555,510,555,200,2,0
BSIM-W3,2020-02-07,26,38,11,38,2800,0,0
BSSR,2020-02-07,1840,1890,1800,1870,1100,9,0
BSWD,2020-02-07,0,0,0,1750,0,0,0
BTEK,2020-02-07,50,50,50,50,700,2,0
BTEL,2020-02-07,0,0,0,50,0,0,0
BTON,2020-02-07,200,200,199,199,75000,12,0
BTPN,2020-02-07,2960,2970,2940,2940,9000,14,0
BTPS,2020-02-07,4680,4720,4590,4630,2391000,2034,124122
BUDI,2020-02-07,98,99,97,99,275000,9,0
BUKK,2020-02-07,1375,1375,1370,1370,700,2,0
BULL,2020-02-07,174,177,170,170,24389300,180,467300
BUMI,2020-02-07,53,54,51,53,150247200,1220,62604000
BUVA,2020-02-07,63,71,54,71,310600,44,0
BVIC,2020-02-07,67,69,66,66,1796700,55,0
BWPT,2020-02-07,131,133,123,127,30338100,1484,2951500
BYAN,2020-02-07,15200,15200,15200,15200,100,1,0
CAKK,2020-02-07,59,59,57,58,666400,67,0
CAMP,2020-02-07,310,314,304,310,144700,67,0
CANI,2020-02-07,0,0,0,159,0,0,0
CARS,2020-02-07,75,90,75,90,16580400,298,-45400
CASA,2020-02-07,376,414,376,414,106700,4,0
CASS,2020-02-07,486,486,486,486,2000,3,0
CCSI,2020-02-07,258,262,258,258,223600,41,0
CEKA,2020-02-07,1560,1560,1545,1545,16500,25,0
CENT,2020-02-07,69,72,68,72,728800,38,-600
CFIN,2020-02-07,254,256,254,254,489800,44,442600
CINT,2020-02-07,284,284,258,278,82600,13,35800
CITA,2020-02-07,1940,2000,1940,2000,19000,4,0
CITY,2020-02-07,57,90,57,71,85400,76,0
CKRA,2020-02-07,0,0,0,76,0,0,0
CLAY,2020-02-07,3080,3080,2920,2920,1093100,475,8500
CLEO,2020-02-07,488,490,482,482,4135200,313,-295500
CLPI,2020-02-07,735,740,705,725,21900,26,0
CMNP,2020-02-07,1900,1960,1900,1900,16000,9,0
CMPP,2020-02-07,0,0,0,184,0,0,0
CNKO,2020-02-07,0,0,0,50,0,0,0
CNTB,2020-02-07,0,0,0,250,0,0,0
CNTX,2020-02-07,330,330,330,330,100,1,0
COCO,2020-02-07,850,855,850,855,234300,9,3000
COWL,2020-02-07,0,0,0,50,0,0,0
CPIN,2020-02-07,6500,6500,6375,6375,2198800,1860,950100
CPRI,2020-02-07,50,50,50,50,3400,2,0
CPRO,2020-02-07,50,50,50,50,500,2,0
CSAP,2020-02-07,446,446,446,446,100,1,0
CSIS,2020-02-07,95,95,79,79,191400,42,0
CSRA,2020-02-07,675,745,675,680,10090900,1359,1000
CTBN,2020-02-07,0,0,0,3150,0,0,0
CTRA,2020-02-07,920,925,915,920,11402500,1015,8758300
CTTH,2020-02-07,56,57,55,56,106100,28,0
DART,2020-02-07,270,270,270,270,500,2,0
DAYA,2020-02-07,270,300,270,300,2300,2,0
DEAL,2020-02-07,99,117,99,109,11997800,1412,-549600
DEFI,2020-02-07,1900,1900,1885,1900,27500,33,0
DEWA,2020-02-07,0,0,0,50,0,0,0
DFAM,2020-02-07,390,392,378,392,2811800,701,18900
DGIK,2020-02-07,0,0,0,50,0,0,0
DIGI,2020-02-07,1700,1700,1700,1700,1200,1,0
DILD,2020-02-07,284,286,280,284,1358900,125,845000
DIVA,2020-02-07,2550,2640,2480,2620,15700,22,0
DKFT,2020-02-07,122,123,119,120,3949300,389,-167400
DLTA,2020-02-07,0,0,0,6500,0,0,0
DMAS,2020-02-07,276,290,272,288,49103300,2000,-13438000
DMMX,2020-02-07,212,212,200,208,370000,30,329600
DMND,2020-02-07,990,1010,990,990,114500,120,-1000
DNAR,2020-02-07,180,186,180,186,1100,4,0
DNET,2020-02-07,3200,3200,3200,3200,200,1,0
DOID,2020-02-07,220,224,212,216,7302300,441,-18700
DPNS,2020-02-07,0,0,0,282,0,0,0
DPUM,2020-02-07,108,110,98,98,20000,15,0
DSFI,2020-02-07,99,100,98,100,33600,13,0
DSNG,2020-02-07,444,446,438,440,418000,72,-95500
DSSA,2020-02-07,13600,13600,13600,13600,200,1,0
DUCK,2020-02-07,1180,1200,1180,1200,9400,16,2700
DUTI,2020-02-07,0,0,0,4990,0,0,0
DVLA,2020-02-07,2150,2200,2150,2200,16500,7,0
DWGL,2020-02-07,197,197,171,196,4300,17,900
DYAN,2020-02-07,70,70,67,68,1719700,170,0
EAST,2020-02-07,95,98,94,96,5627600,235,0
ECII,2020-02-07,0,0,0,1010,0,0,0
EKAD,2020-02-07,1070,1095,1070,1090,10300,21,0
ELSA,2020-02-07,268,274,260,260,16622100,1374,-100400
ELTY,2020-02-07,50,50,50,50,200,2,0
EMDE,2020-02-07,200,208,200,208,110000,8,0
EMTK,2020-02-07,5300,5800,5300,5800,1000,4,600
ENRG,2020-02-07,50,50,50,50,3368700,13,0
ENVY,2020-02-07,0,0,0,278,0,0,0
EPMT,2020-02-07,0,0,0,2100,0,0,0
ERAA,2020-02-07,1690,1740,1670,1740,20996600,3991,-2161500
ERTX,2020-02-07,140,140,134,134,300,2,0
ESIP,2020-02-07,162,162,141,150,129300,107,800
ESSA,2020-02-07,238,242,230,240,3692400,182,0
ESTI,2020-02-07,51,51,50,51,112100,8,0
ETWA,2020-02-07,58,60,58,58,169700,29,0
EXCL,2020-02-07,2890,2930,2860,2900,39432100,3726,-12820100
FAST,2020-02-07,2400,2600,2380,2400,16400,41,15200
FASW,2020-02-07,0,0,0,7250,0,0,0
FILM,2020-02-07,210,218,210,218,4437800,779,29300
FINN,2020-02-07,0,0,0,50,0,0,0
FIRE,2020-02-07,158,177,156,164,16307900,1947,-1311800
FISH,2020-02-07,0,0,0,2700,0,0,0
FITT,2020-02-07,73,75,71,71,32400,20,0
FMII,2020-02-07,0,0,0,470,0,0,0
FOOD,2020-02-07,100,102,100,100,31000,27,0
FORU,2020-02-07,0,0,0,106,0,0,0
FORZ,2020-02-07,50,50,50,50,200,2,0
FPNI,2020-02-07,89,91,84,86,2412700,281,-16500
FREN,2020-02-07,108,117,105,114,115434700,5712,-647900
FUJI,2020-02-07,105,105,104,104,112900,21,0
GAMA,2020-02-07,50,50,50,50,3000,2,0
GDST,2020-02-07,76,76,72,74,1748000,222,0
GDYR,2020-02-07,0,0,0,1950,0,0,0
GEMA,2020-02-07,370,370,370,370,30000,1,0
GEMS,2020-02-07,0,0,0,2550,0,0,0
GGRM,2020-02-07,56500,56700,56075,56375,1078600,1970,142800
GGRP,2020-02-07,450,450,440,440,3200,7,0
GHON,2020-02-07,1255,1255,1255,1255,500,4,0
GIAA,2020-02-07,400,402,386,386,59034200,1535,1753400
GJTL,2020-02-07,494,496,490,492,682900,152,313100
GLOB,2020-02-07,382,388,382,388,200,2,0
GLVA,2020-02-07,248,270,246,252,240400,76,-211000
GMFI,2020-02-07,112,112,109,110,3690000,291,774600
GMTD,2020-02-07,16000,16000,16000,16000,600,3,600
GOLD,2020-02-07,222,222,222,222,118000,3,0
GOLL,2020-02-07,0,0,0,50,0,0,0
GOOD,2020-02-07,1335,1345,1335,1345,311000,98,0
GPRA,2020-02-07,60,60,51,60,7512400,210,0
GREN,2020-02-07,0,0,0,328,0,0,0
GSMF,2020-02-07,0,0,0,117,0,0,0
GTBO,2020-02-07,0,0,0,125,0,0,0
GWSA,2020-02-07,0,0,0,135,0,0,0
GZCO,2020-02-07,50,50,50,50,500,2,0
HADE,2020-02-07,0,0,0,50,0,0,0
HDFA,2020-02-07,0,0,0,111,0,0,0
HDIT,2020-02-07,600,600,585,595,4100,7,0
HDTX,2020-02-07,0,0,0,120,0,0,0
HEAL,2020-02-07,3290,3450,3190,3230,667400,258,8800
HELI,2020-02-07,171,171,171,171,30000,4,0
HERO,2020-02-07,0,0,0,850,0,0,0
HEXA,2020-02-07,3110,3180,3110,3140,13300,10,-2100
HITS,2020-02-07,0,0,0,580,0,0,0
HKMU,2020-02-07,165,166,160,165,808700,68,0
HMSP,2020-02-07,2060,2070,2030,2030,27703800,2475,13473600
HOKI,2020-02-07,875,900,875,895,24489500,748,-18600
HOME,2020-02-07,0,0,0,50,0,0,0
HOTL,2020-02-07,90,99,80,95,21399500,51,-22800
HRME,2020-02-07,1095,1140,1085,1130,43279900,906,-624900
HRTA,2020-02-07,280,280,270,270,843200,128,19100
HRUM,2020-02-07,1270,1270,1250,1255,188500,71,0
IATA,2020-02-07,50,50,50,50,15800,6,0
IBFN,2020-02-07,340,370,340,370,198000,28,0
IBST,2020-02-07,0,0,0,5225,0,0,0
ICBP,2020-02-07,11500,11550,11400,11500,1786400,1647,271800
ICON,2020-02-07,73,81,72,75,60100,17,-1000
IDPR,2020-02-07,0,0,0,380,0,0,0
IFII,2020-02-07,175,178,172,174,248700,34,0
IFSH,2020-02-07,500,500,480,480,2100,6,0
IGAR,2020-02-07,296,298,296,298,11900,9,0
IIKP,2020-02-07,0,0,0,50,0,0,0
IKAI,2020-02-07,52,54,50,50,12488300,898,0
IKBI,2020-02-07,256,256,256,256,500,1,0
IMAS,2020-02-07,885,900,870,880,749500,227,0
IMJS,2020-02-07,252,252,252,252,48000,4,0
IMPC,2020-02-07,1100,1100,1100,1100,188200,23,0
INAF,2020-02-07,815,830,765,765,7983100,2673,139000
INAI,2020-02-07,0,0,0,420,0,0,0
INCF,2020-02-07,50,50,50,50,1400,8,0
INCI,2020-02-07,420,420,400,416,26400,6,0
INCO,2020-02-07,3310,3320,3280,3310,4336400,966,612100
INDF,2020-02-07,7675,7875,7675,7850,4827500,2730,995300
INDO,2020-02-07,153,170,151,152,1817200,563,0
INDR,2020-02-07,2290,2290,2290,2290,1700,6,0
INDS,2020-02-07,2060,2060,2000,2000,57600,19,5000
INDX,2020-02-07,52,52,51,51,1100,4,0
INDY,2020-02-07,925,935,915,915,1515700,495,-182300
INKP,2020-02-07,6775,6900,6700,6800,3330300,2132,851900
INOV,2020-02-07,300,306,298,306,121900,28,0
INPC,2020-02-07,51,51,50,51,241700,19,0
INPP,2020-02-07,925,925,775,920,22800,15,0
INPS,2020-02-07,4010,4030,4000,4000,545900,569,0
INRU,2020-02-07,0,0,0,795,0,0,0
INTA,2020-02-07,0,0,0,450,0,0,0
INTD,2020-02-07,0,0,0,240,0,0,0
INTP,2020-02-07,17325,17450,17025,17025,1098000,1850,525900
IPCC,2020-02-07,570,570,555,565,804400,176,0
IPCM,2020-02-07,169,169,165,166,9700,14,200
IPOL,2020-02-07,79,79,77,77,6500,3,0
IPTV,2020-02-07,396,398,392,398,596500,138,-399100
IRRA,2020-02-07,700,715,700,715,12034000,752,-714800
ISAT,2020-02-07,2370,2430,2340,2370,5197500,1595,541200
ISSP,2020-02-07,171,172,164,165,7793500,672,288800
ITIC,2020-02-07,2380,2420,2270,2350,11805400,1837,-1900
ITMA,2020-02-07,450,454,444,450,17300,15,0
ITMG,2020-02-07,10525,10550,10325,10425,1145100,1803,27700
JAST,2020-02-07,1495,1495,1485,1490,17700,13,14200
JAWA,2020-02-07,0,0,0,88,0,0,0
JAYA,2020-02-07,74,84,74,83,84600,14,0
JECC,2020-02-07,0,0,0,5700,0,0,0
JGLE,2020-02-07,0,0,0,50,0,0,0
JIHD,2020-02-07,0,0,0,510,0,0,0
JKON,2020-02-07,450,450,450,450,200,1,0
JKSW,2020-02-07,0,0,0,60,0,0,0
JMAS,2020-02-07,840,840,700,790,2700,14,0
JPFA,2020-02-07,1510,1525,1495,1495,2116300,896,-93100
JRPT,2020-02-07,540,540,525,530,11944400,356,-455600
JSKY,2020-02-07,126,163,123,144,120831000,11432,-15400
JSMR,2020-02-07,4800,4930,4780,4900,5126200,3204,506800
JSPT,2020-02-07,0,0,0,900,0,0,0
JTPE,2020-02-07,965,965,965,965,144100,11,0
KAEF,2020-02-07,960,975,920,930,4406700,1386,-45000
KARW,2020-02-07,57,59,57,57,326200,51,0
KAYU,2020-02-07,78,79,75,76,2605100,297,0
KBLI,2020-02-07,476,478,470,474,1787700,102,201200
KBLM,2020-02-07,0,0,0,254,0,0,0
KBLV,2020-02-07,0,0,0,280,0,0,0
KBRI,2020-02-07,0,0,0,50,0,0,0
KDSI,2020-02-07,1015,1150,1000,1015,105100,22,0
KEEN,2020-02-07,418,418,414,416,2233000,40,0
KEJU,2020-02-07,810,880,810,870,440300,138,0
KIAS,2020-02-07,54,54,50,50,639300,45,0
KICI,2020-02-07,0,0,0,244,0,0,0
KIJA,2020-02-07,298,298,294,298,351100,77,7500
KINO,2020-02-07,3000,3010,2980,2990,132900,42,121900
KIOS,2020-02-07,280,280,250,250,4300,3,0
KJEN,2020-02-07,2010,2010,1990,1995,228700,82,0
KKGI,2020-02-07,0,0,0,214,0,0,0
KLBF,2020-02-07,1460,1485,1460,1470,12388300,1942,2611800
KMTR,2020-02-07,296,298,296,298,10200,3,-10200
KOBX,2020-02-07,105,105,104,105,45700,10,0
KOIN,2020-02-07,137,137,137,137,200,1,0
KONI,2020-02-07,0,0,0,600,0,0,0
KOPI,2020-02-07,605,620,605,620,34800,9,0
KOTA,2020-02-07,755,755,710,740,9401800,43,80200
KPAL,2020-02-07,169,172,162,167,91500,71,0
KPAS,2020-02-07,56,59,56,57,574600,69,0
KPIG,2020-02-07,130,130,127,127,590800,119,4504600
KRAH,2020-02-07,1625,1625,1600,1600,3900,3,0
KRAS,2020-02-07,270,274,268,270,2286600,430,195100
KREN,2020-02-07,480,484,476,482,24007100,220,19900
LAND,2020-02-07,950,950,860,950,8100,12,0
LAPD,2020-02-07,0,0,0,50,0,0,0
LCGP,2020-02-07,0,0,0,114,0,0,0
LCKM,2020-02-07,310,322,310,322,60600,8,39400
LEAD,2020-02-07,50,50,50,50,2100,4,0
LIFE,2020-02-07,0,0,0,5800,0,0,0
LINK,2020-02-07,3660,3720,3560,3620,7079400,812,6824200
LION,2020-02-07,400,400,400,400,1500,1,0
LMAS,2020-02-07,122,127,118,122,7369300,1010,0
LMPI,2020-02-07,0,0,0,94,0,0,0
LMSH,2020-02-07,0,0,0,380,0,0,0
LPCK,2020-02-07,760,830,755,825,1481300,426,-310300
LPGI,2020-02-07,0,0,0,3800,0,0,0
LPIN,2020-02-07,228,230,212,228,40500,6,0
LPKR,2020-02-07,232,236,232,236,50056500,1275,-16829206
LPLI,2020-02-07,0,0,0,72,0,0,0
LPPF,2020-02-07,3280,3290,3240,3250,3459700,1110,-373200
LPPS,2020-02-07,81,83,81,82,50200,7,42700
LRNA,2020-02-07,151,184,151,174,15000,10,0
LSIP,2020-02-07,1270,1285,1235,1275,9902200,1744,-941260
LTLS,2020-02-07,610,610,595,605,23700,8,100
LUCK,2020-02-07,715,880,710,880,35114400,22621,-340100
MABA,2020-02-07,50,50,50,50,14500,77,0
MAGP,2020-02-07,0,0,0,50,0,0,0
MAIN,2020-02-07,890,890,860,870,1537300,459,92000
MAMI,2020-02-07,50,50,50,50,892000,27,0
MAMIP,2020-02-07,0,0,0,600,0,0,0
MAPA,2020-02-07,0,0,0,4400,0,0,0
MAPB,2020-02-07,1600,1600,1575,1575,2000,4,0
MAPI,2020-02-07,950,950,925,950,3632400,1180,1148900
MARI,2020-02-07,155,167,154,167,11500,12,0
MARK,2020-02-07,462,472,462,472,812500,133,-44500
MASA,2020-02-07,480,480,478,480,57300,5,0
MAYA,2020-02-07,0,0,0,8100,0,0,0
MBAP,2020-02-07,1950,1950,1900,1945,7300,15,0
MBSS,2020-02-07,430,430,426,426,275100,113,0
MBTO,2020-02-07,77,83,77,83,800,4,0
MCAS,2020-02-07,2090,2100,2070,2070,33700,18,500
MCOR,2020-02-07,127,127,115,117,236800,45,4000
MDIA,2020-02-07,50,50,50,50,100,1,0
MDKA,2020-02-07,1185,1210,1185,1205,46016300,2180,-2215600
MDKI,2020-02-07,179,186,162,174,292300,84,0
MDLN,2020-02-07,192,192,188,191,1233700,165,741900
MDRN,2020-02-07,50,50,50,50,100,1,0
MEDC,2020-02-07,755,755,725,725,33051000,2323,5572200
MEGA,2020-02-07,5800,5900,5425,5900,19900,35,0
MERK,2020-02-07,2480,2490,2480,2490,1500,7,0
META,2020-02-07,174,185,169,169,1623100,237,2500
MFIN,2020-02-07,1320,1320,1320,1320,5200,3,0
MFMI,2020-02-07,400,470,390,450,40800,41,0
MGNA,2020-02-07,0,0,0,50,0,0,0
MGRO,2020-02-07,835,840,825,830,1882800,188,-172000
MICE,2020-02-07,356,356,344,344,600,3,300
MIDI,2020-02-07,0,0,0,1265,0,0,0
MIKA,2020-02-07,2660,2660,2550,2570,2812800,769,2164900
MINA,2020-02-07,0,0,0,218,0,0,0
MIRA,2020-02-07,0,0,0,50,0,0,0
MITI,2020-02-07,0,0,0,51,0,0,0
MKNT,2020-02-07,50,50,50,50,45800,3,0
MKPI,2020-02-07,0,0,0,16200,0,0,0
MLBI,2020-02-07,15375,15400,15350,15350,4400,9,-1000
MLIA,2020-02-07,505,525,500,520,6987400,294,78000
MLPL,2020-02-07,68,70,67,68,2931900,191,1584700
MLPT,2020-02-07,330,350,326,326,113500,59,105300
MMLP,2020-02-07,173,177,171,173,2412900,127,-1889300
MNCN,2020-02-07,1615,1620,1590,1590,23493500,5610,228100
MOLI,2020-02-07,0,0,0,1030,0,0,0
MPMX,2020-02-07,625,625,615,625,123900,122,10100
MPOW,2020-02-07,88,90,86,87,118800,71,0
MPPA,2020-02-07,107,122,107,113,3401400,460,0
MPRO,2020-02-07,1155,1155,1155,1155,200,2,0
MRAT,2020-02-07,150,150,138,148,800,5,0
MREI,2020-02-07,4000,4000,3960,3960,1800,2,0
MSIN,2020-02-07,400,400,380,386,113700,53,-74300
MSKY,2020-02-07,0,0,0,1300,0,0,0
MTDL,2020-02-07,1730,1745,1710,1745,764800,297,32000
MTFN,2020-02-07,0,0,0,50,0,0,0
MTLA,2020-02-07,460,460,460,460,500,1,0
MTPS,2020-02-07,330,342,330,342,15200,21,0
MTRA,2020-02-07,236,238,236,238,24800,10,0
MTSM,2020-02-07,195,195,165,169,1400,6,0
MTWI,2020-02-07,66,69,63,64,2564500,949,0
MYOH,2020-02-07,1195,1195,1195,1195,46600,8,0
MYOR,2020-02-07,1935,2010,1930,1995,3697600,896,1097600
MYRX,2020-02-07,0,0,0,50,0,0,0
MYRXP,2020-02-07,0,0,0,50,0,0,0
MYTX,2020-02-07,51,53,50,52,839700,105,0
NASA,2020-02-07,0,0,0,199,0,0,0
NATO,2020-02-07,1155,1160,1130,1160,7491700,276,329200
NELY,2020-02-07,136,136,134,134,2000,3,0
NFCX,2020-02-07,2900,2900,2900,2900,100,1,0
NICK,2020-02-07,310,310,310,310,200,1,0
NIKL,2020-02-07,565,565,525,530,6896000,1267,800
NIPS,2020-02-07,0,0,0,282,0,0,0
NIRO,2020-02-07,147,150,140,150,404100,14,0
NISP,2020-02-07,855,855,850,850,18100,8,0
NOBU,2020-02-07,915,915,915,915,100,1,0
NRCA,2020-02-07,354,356,352,354,17200,22,0
NUSA,2020-02-07,50,50,50,50,2700,10,0
NZIA,2020-02-07,488,488,482,482,2000,5,0
OASA,2020-02-07,0,0,0,362,0,0,0
OCAP,2020-02-07,194,195,194,195,600,4,0
OKAS,2020-02-07,129,132,118,118,510100,116,0
OMRE,2020-02-07,0,0,0,825,0,0,0
OPMS,2020-02-07,84,84,81,81,993300,99,0
PADI,2020-02-07,50,50,50,50,300,3,0
PALM,2020-02-07,191,191,191,191,100,1,0
PAMG,2020-02-07,129,130,114,116,9081200,891,-258500
PANI,2020-02-07,91,91,91,91,8900,4,0
PANR,2020-02-07,280,280,278,280,1069900,163,0
PANS,2020-02-07,1300,1300,1300,1300,1400,2,0
PBID,2020-02-07,0,0,0,1005,0,0,0
PBRX,2020-02-07,290,356,290,342,1208700,212,-624000
PBSA,2020-02-07,675,690,650,690,30200,8,-2000
PCAR,2020-02-07,228,250,228,236,4600,12,0
PDES,2020-02-07,0,0,0,900,0,0,0
PEGE,2020-02-07,0,0,0,134,0,0,0
PEHA,2020-02-07,970,975,970,975,7800,7,-1000
PGAS,2020-02-07,1520,1555,1500,1540,110802500,12664,-1324100
PGJO,2020-02-07,89,89,86,88,31700,21,-1000
PGLI,2020-02-07,0,0,0,344,0,0,0
PICO,2020-02-07,860,1040,820,995,1007500,355,-19300
PJAA,2020-02-07,915,915,915,915,1700,3,0
PKPK,2020-02-07,50,60,50,56,1856300,196,0
PLAS,2020-02-07,0,0,0,50,0,0,0
PLIN,2020-02-07,0,0,0,3150,0,0,0
PMJS,2020-02-07,130,130,123,127,565200,95,0
PNBN,2020-02-07,1200,1215,1180,1185,1052900,172,-286200
PNBS,2020-02-07,50,50,50,50,1300,5,0
PNIN,2020-02-07,1055,1055,1015,1055,8900,13,0
PNLF,2020-02-07,278,278,270,272,5337300,346,666700
PNSE,2020-02-07,0,0,0,320,0,0,0
POLA,2020-02-07,105,120,85,95,14650900,2144,0
POLI,2020-02-07,1430,1430,1270,1320,4400,20,300
POLL,2020-02-07,10850,11100,10850,11100,703200,2095,-42900
POLU,2020-02-07,0,0,0,2130,0,0,0
POLY,2020-02-07,52,53,51,52,676800,88,0
POOL,2020-02-07,50,50,50,50,141500,17,180800
PORT,2020-02-07,590,740,590,720,600,6,200
POSA,2020-02-07,50,50,50,50,200,2,0
POWR,2020-02-07,835,840,820,830,2518700,256,1752500
PPRE,2020-02-07,228,230,212,214,13982800,2131,49300
PPRO,2020-02-07,55,56,54,54,72217400,1926,-8204800
PRAS,2020-02-07,0,0,0,135,0,0,0
PRDA,2020-02-07,3600,3800,3600,3800,3400,3,0
PRIM,2020-02-07,306,378,306,344,50000,35,0
PSAB,2020-02-07,224,242,224,242,67419200,1776,807000
PSDN,2020-02-07,153,169,153,169,93600,7,0
PSGO,2020-02-07,136,136,130,135,37100,21,0
PSKT,2020-02-07,50,50,50,50,100,1,0
PSSI,2020-02-07,165,165,165,165,100,1,0
PTBA,2020-02-07,2270,2340,2260,2320,11738300,2723,953100
PTIS,2020-02-07,79,79,73,73,7900,4,0
PTPP,2020-02-07,1450,1490,1430,1475,17823500,3358,1353400
PTPW,2020-02-07,975,975,975,975,2045200,63,0
PTRO,2020-02-07,1500,1520,1490,1500,287600,117,0
PTSN,2020-02-07,230,240,230,240,300800,55,100000
PTSP,2020-02-07,0,0,0,4550,0,0,0
PUDP,2020-02-07,0,0,0,300,0,0,0
PURA,2020-02-07,189,204,186,191,133859000,7602,0
PURE,2020-02-07,167,208,167,183,32184600,3818,-26100
PWON,2020-02-07,530,545,530,535,35073300,4362,13721400
PYFA,2020-02-07,198,199,198,199,25100,3,0
PZZA,2020-02-07,1000,1005,995,1000,73300,54,0
R-ABFII,2020-02-07,0,0,0,28600,0,0,0
RAJA,2020-02-07,126,130,125,126,738100,83,0
RALS,2020-02-07,1090,1100,1055,1075,5343100,868,-1601100
RANC,2020-02-07,300,300,300,300,378000,13,0
RBMS,2020-02-07,75,75,67,67,94000,15,0
RDTX,2020-02-07,0,0,0,5250,0,0,0
REAL,2020-02-07,160,175,138,165,100546700,12127,-85100
RELI,2020-02-07,0,0,0,185,0,0,0
RICY,2020-02-07,0,0,0,151,0,0,0
RIGS,2020-02-07,318,318,260,280,12036800,1560,0
RIMO,2020-02-07,0,0,0,50,0,0,0
RISE,2020-02-07,478,480,470,476,342000,63,0
RMBA,2020-02-07,316,316,316,316,100,1,0
RODA,2020-02-07,54,55,51,53,2730200,88,500100
ROTI,2020-02-07,1290,1320,1275,1300,282900,96,93300
RUIS,2020-02-07,0,0,0,220,0,0,0
SAFE,2020-02-07,182,192,182,184,204200,43,0
SAME,2020-02-07,220,220,193,202,19600,15,0
SAPX,2020-02-07,0,0,0,935,0,0,0
SATU,2020-02-07,50,58,50,58,210600,12,0
SCBD,2020-02-07,0,0,0,2700,0,0,0
SCCO,2020-02-07,9200,9200,9200,9200,1000,1,0
SCMA,2020-02-07,1380,1400,1375,1395,12437900,1543,3125700
SCPI,2020-02-07,0,0,0,29000,0,0,0
SDMU,2020-02-07,0,0,0,50,0,0,0
SDPC,2020-02-07,104,104,92,96,1462000,123,0
SDRA,2020-02-07,800,800,800,800,100,1,0
SFAN,2020-02-07,945,950,945,950,10200,4,0
SGRO,2020-02-07,0,0,0,2380,0,0,0
SHID,2020-02-07,0,0,0,3500,0,0,0
SHIP,2020-02-07,745,745,730,740,680900,81,400
SIDO,2020-02-07,1200,1220,1195,1210,3285500,560,-887200
SILO,2020-02-07,6575,6600,6450,6575,204100,124,195400
SIMA,2020-02-07,50,50,50,50,61000,5,-10000
SIMP,2020-02-07,384,388,378,380,3501300,384,555000
SINI,2020-02-07,0,0,0,1490,0,0,0
SIPD,2020-02-07,915,915,915,915,3000,2,0
SKBM,2020-02-07,414,414,400,400,300,2,0
SKLT,2020-02-07,0,0,0,1610,0,0,0
SKRN,2020-02-07,500,525,500,505,8600,16,0
SKYB,2020-02-07,50,59,50,57,756900,282,0
SLIS,2020-02-07,4800,4830,4750,4790,17400,29,0
SMAR,2020-02-07,3830,3830,3830,3830,200,1,0
SMBR,2020-02-07,350,394,336,338,83261400,10567,-82400
SMCB,2020-02-07,995,1000,995,995,14200,11,0
SMDM,2020-02-07,105,120,105,120,4100,5,0
SMDR,2020-02-07,206,208,204,204,77000,40,0
SMGR,2020-02-07,12325,12500,12325,12350,5738200,3822,-590600
SMKL,2020-02-07,210,210,206,208,113400,11,0
SMMA,2020-02-07,0,0,0,15225,0,0,-1335700
SMMT,2020-02-07,108,111,108,111,300,2,-100
SMRA,2020-02-07,890,915,885,895,10713300,1636,-5867800
SMRU,2020-02-07,0,0,0,50,0,0,0
SMSM,2020-02-07,1445,1445,1425,1425,1720500,570,-348000
SOCI,2020-02-07,142,143,136,140,6478000,868,78700
SONA,2020-02-07,0,0,0,5275,0,0,0
SOSS,2020-02-07,348,414,346,388,122100,25,0
SOTS,2020-02-07,0,0,0,236,0,0,0
SPMA,2020-02-07,308,308,306,306,800,4,0
SPTO,2020-02-07,845,845,830,840,1481100,95,911400
SQMI,2020-02-07,236,252,236,236,9605500,1066,-53600
SRAJ,2020-02-07,262,262,262,262,200,1,0
SRIL,2020-02-07,222,226,220,224,8765400,602,2162700
SRSN,2020-02-07,58,60,58,58,1379800,61,0
SRTG,2020-02-07,3580,3600,3580,3580,29100,7,12100
SSIA,2020-02-07,690,700,685,700,20622700,870,644900
SSMS,2020-02-07,800,800,785,800,64985400,466,-719700
SSTM,2020-02-07,0,0,0,500,0,0,0
STAR,2020-02-07,151,159,147,159,453000,23,0
STTP,2020-02-07,3700,4600,3700,4600,19100,7,18900
SUGI,2020-02-07,0,0,0,50,0,0,0
SULI,2020-02-07,50,51,50,51,212800,7,0
SUPR,2020-02-07,0,0,0,4000,0,0,0
SURE,2020-02-07,0,0,0,2980,0,0,0
SWAT,2020-02-07,90,91,89,89,318000,34,-22400
TALF,2020-02-07,250,262,250,262,5600,5,0
TAMU,2020-02-07,216,220,210,220,28977400,322,47546200
TARA,2020-02-07,0,0,0,198,0,0,0
TAXI,2020-02-07,0,0,0,50,0,0,0
TBIG,2020-02-07,1200,1230,1195,1225,37157600,3842,6992000
TBLA,2020-02-07,845,845,830,840,263300,78,-56900
TBMS,2020-02-07,0,0,0,800,0,0,0
TCID,2020-02-07,0,0,0,9800,0,0,0
TCPI,2020-02-07,6400,6525,6400,6525,6057100,8162,-117300
TDPM,2020-02-07,204,204,190,198,225500,37,-213000
TEBE,2020-02-07,1800,1805,1795,1800,277900,195,-25100
TELE,2020-02-07,212,218,208,210,71554200,2891,-417800
TFAS,2020-02-07,126,147,126,140,35700,43,0
TFCO,2020-02-07,352,352,352,352,100,1,0
TGKA,2020-02-07,0,0,0,5000,0,0,0
TGRA,2020-02-07,105,120,105,110,8983900,795,-748800
TIFA,2020-02-07,0,0,0,210,0,0,0
TINS,2020-02-07,740,750,725,730,8535300,931,75100
TIRA,2020-02-07,258,258,258,258,1700,3,0
TIRT,2020-02-07,50,51,50,51,8900,7,0
TKIM,2020-02-07,8750,8850,8625,8850,1185200,1195,-612800
TLKM,2020-02-07,3780,3820,3760,3790,53578900,4868,-24507945
TMAS,2020-02-07,93,94,90,91,1165400,184,0
TMPO,2020-02-07,0,0,0,153,0,0,0
TNCA,2020-02-07,266,266,254,254,14100,7,0
TOBA,2020-02-07,350,350,350,350,100,1,0
TOPS,2020-02-07,163,163,143,143,11133000,1007,77700
TOTL,2020-02-07,412,414,410,410,1939900,61,-12200
TOTO,2020-02-07,264,268,256,258,297000,67,200
TOWR,2020-02-07,850,880,845,880,141044800,16569,39228300
TPIA,2020-02-07,8725,8800,8700,8800,2759400,636,-258000
TPMA,2020-02-07,0,0,0,290,0,0,0
TRAM,2020-02-07,0,0,0,50,0,0,0
TRIL,2020-02-07,0,0,0,50,0,0,0
TRIM,2020-02-07,138,138,138,138,20100,2,0
TRIN,2020-02-07,250,252,230,238,19210200,1485,-5000
TRIO,2020-02-07,0,0,0,426,0,0,0
TRIS,2020-02-07,300,300,298,298,839300,72,0
TRST,2020-02-07,0,0,0,380,0,0,0
TRUK,2020-02-07,87,88,86,88,161300,13,0
TRUS,2020-02-07,350,350,350,350,100,1,0
TSPC,2020-02-07,1375,1375,1340,1370,5200,7,0
TUGU,2020-02-07,3470,3470,3470,3470,1000,2,-1000
TURI,2020-02-07,1010,1010,970,1010,1996500,26,516200
UCID,2020-02-07,1820,1825,1785,1800,881000,605,-493100
ULTJ,2020-02-07,1610,1625,1605,1605,183600,135,1000
UNIC,2020-02-07,3450,3450,3450,3450,1000,5,0
UNIT,2020-02-07,164,164,164,164,100,1,0
UNSP,2020-02-07,94,96,93,94,104300,26,0
UNTR,2020-02-07,18700,18975,18700,18800,3671200,3258,-1415300
UNVR,2020-02-07,7950,7975,7900,7900,11461800,5313,4767666
URBN,2020-02-07,1790,2030,1785,2030,2939800,598,0
VICO,2020-02-07,0,0,0,112,0,0,0
VINS,2020-02-07,112,112,110,110,5200,8,0
VIVA,2020-02-07,50,50,50,50,120135600,59,11100
VOKS,2020-02-07,290,296,290,296,393100,64,0
VRNA,2020-02-07,130,130,130,130,7800,1,0
WAPO,2020-02-07,78,78,78,78,51600,2,0
WEGE,2020-02-07,290,292,282,282,8547500,609,2157300
WEHA,2020-02-07,151,152,151,152,2148300,186,0
WICO,2020-02-07,492,492,492,492,200,2,0
WIIM,2020-02-07,140,142,137,139,164900,59,0
WIKA,2020-02-07,2010,2030,1965,1975,10845000,2833,1555480
WINS,2020-02-07,95,95,90,91,95500,11,-66000
WOMF,2020-02-07,268,278,258,258,141100,19,0
WOOD,2020-02-07,492,505,474,500,36420500,1906,640000
WOWS,2020-02-07,103,107,100,104,4377100,462,-124900
WSBP,2020-02-07,268,268,256,256,22363200,1714,10140600
WSKT,2020-02-07,1230,1230,1185,1195,40192300,4626,8291200
WTON,2020-02-07,404,406,398,402,4746400,343,1337800
XMJM,2020-02-07,0,0,0,1000,0,0,0
XPMI,2020-02-07,960,960,960,960,2300,0,0
XSPI,2020-02-07,0,0,0,750,0,0,0
YELO,2020-02-07,60,63,60,61,904800,140,0
YPAS,2020-02-07,530,535,398,398,6100,3,200
YULE,2020-02-07,0,0,0,200,0,0,0
ZBRA,2020-02-07,63,72,59,63,4874900,866,20000
ZINC,2020-02-07,358,362,348,356,19908700,768,17917700
ZONE,2020-02-07,488,488,484,488,490600,45,0
