AALI,2019-11-05,11600,12425,11600,12400,3155600,2342,86000
ABBA,2019-11-05,137,140,134,134,23924000,2948,-1263700
ABDA,2019-11-05,0,0,0,6975,0,0,0
ABMM,2019-11-05,1500,1500,1495,1500,2000,7,0
ACES,2019-11-05,1740,1740,1700,1715,13446400,4082,5897600
ACST,2019-11-05,1180,1190,1145,1165,273000,85,239400
ADES,2019-11-05,1080,1110,1080,1090,2500,14,100
ADHI,2019-11-05,1235,1255,1230,1250,6335600,984,-385900
ADMF,2019-11-05,10525,10650,10525,10600,96200,38,90400
ADMG,2019-11-05,195,196,194,194,149000,39,0
ADRO,2019-11-05,1290,1370,1290,1370,63048100,6227,-7758352
AGII,2019-11-05,610,610,590,600,60300,36,22500
AGRO,2019-11-05,208,210,202,208,2140400,330,0
AGRS,2019-11-05,173,177,172,175,14300,16,0
AHAP,2019-11-05,67,69,65,69,656000,91,0
AIMS,2019-11-05,0,0,0,180,0,0,0
AISA,2019-11-05,0,0,0,168,0,0,0
AKKU,2019-11-05,50,50,50,50,18900,14,0
AKPI,2019-11-05,418,444,418,430,18000,15,5300
AKRA,2019-11-05,3890,3920,3840,3860,4269100,1473,1240100
AKSI,2019-11-05,845,860,845,855,2389300,250,-149900
ALDO,2019-11-05,380,382,380,382,16000,3,0
ALKA,2019-11-05,476,476,474,474,6000,2,-5000
ALMI,2019-11-05,346,346,346,346,100,1,0
ALTO,2019-11-05,384,388,372,380,2656300,164,0
AMAG,2019-11-05,0,0,0,308,0,0,0
AMFG,2019-11-05,3950,3950,3950,3950,200,1,0
AMIN,2019-11-05,0,0,0,310,0,0,0
AMRT,2019-11-05,900,980,885,890,84900,117,2412900
ANDI,2019-11-05,322,332,282,282,1638400,521,8000
ANJT,2019-11-05,805,820,805,820,2500,3,200
ANTM,2019-11-05,830,850,820,835,80390400,5350,-162700
APEX,2019-11-05,560,560,432,432,10700,11,0
APIC,2019-11-05,700,700,680,695,23128200,946,268800
APII,2019-11-05,182,182,182,182,500,2,0
APLI,2019-11-05,120,120,118,118,1900,11,0
APLN,2019-11-05,210,216,208,210,40899100,2689,-1352300
APOL,2019-11-05,0,0,0,50,0,0,0
ARGO,2019-11-05,0,0,0,825,0,0,0
ARII,2019-11-05,640,640,640,640,12000,2,0
ARKA,2019-11-05,1620,1630,1615,1615,246600,100,0
ARMY,2019-11-05,189,189,180,187,208455000,212,63800
ARNA,2019-11-05,500,500,496,498,750800,79,591900
ARTA,2019-11-05,300,370,300,340,4400,10,0
ARTI,2019-11-05,0,0,0,50,0,0,0
ARTO,2019-11-05,0,0,0,2630,0,0,0
ASBI,2019-11-05,0,0,0,308,0,0,0
ASDM,2019-11-05,0,0,0,1070,0,0,0
ASGR,2019-11-05,980,990,975,980,92700,49,0
ASII,2019-11-05,6775,6950,6750,6900,42041800,6566,10921566
ASJT,2019-11-05,184,208,184,188,659800,141,0
ASMI,2019-11-05,960,975,960,975,121700,53,11000
ASRI,2019-11-05,266,270,262,270,4059700,419,988786
ASRM,2019-11-05,2020,2110,2020,2110,500,3,0
ASSA,2019-11-05,755,760,740,750,5383200,271,234500
ATIC,2019-11-05,0,0,0,790,0,0,0
AUTO,2019-11-05,1240,1250,1235,1235,593500,233,212000
BABP,2019-11-05,50,50,50,50,144800,21,0
BABP-W3,2019-11-05,38,38,32,32,25000,0,0
BACA,2019-11-05,270,280,268,268,186600,14,0
BAJA,2019-11-05,78,79,76,79,218900,65,0
BALI,2019-11-05,0,0,0,1390,0,0,0
BAPA,2019-11-05,81,82,80,81,10800,25,0
BAPI,2019-11-05,50,50,50,50,210700,46,-100
BATA,2019-11-05,645,650,615,630,101200,25,-5600
BAYU,2019-11-05,1500,1555,1305,1555,1400,6,0
BBCA,2019-11-05,31750,31800,31350,31800,13232300,6844,-2507549
BBHI,2019-11-05,185,186,180,180,202500,28,0
BBKP,2019-11-05,266,274,264,264,5008100,449,1936700
BBLD,2019-11-05,0,0,0,442,0,0,0
BBMD,2019-11-05,2400,2400,2400,2400,1500,3,0
BBNI,2019-11-05,7600,7800,7575,7725,50649200,4715,31873742
BBRI,2019-11-05,4190,4300,4170,4300,132545000,15844,-38215385
BBRM,2019-11-05,0,0,0,50,0,0,0
BBTN,2019-11-05,1815,1865,1815,1865,31920700,4410,3557738
BBYB,2019-11-05,288,288,284,288,45100,7,-43000
BCAP,2019-11-05,161,162,155,158,9293100,10853,-21900
BCIC,2019-11-05,0,0,0,450,0,0,0
BCIP,2019-11-05,84,84,83,84,717900,32,0
BDMN,2019-11-05,4300,4320,4200,4220,2540700,1223,1156600
BEEF,2019-11-05,328,336,326,326,3930200,325,-5800
BEKS,2019-11-05,50,50,50,50,900,4,0
BELL,2019-11-05,520,520,520,520,58300,29,0
BEST,2019-11-05,248,252,246,246,7652900,655,1980000
BFIN,2019-11-05,580,600,580,600,595900,23,337400
BGTG,2019-11-05,68,68,66,68,1929300,120,0
BHIT,2019-11-05,72,74,72,73,6910800,251,1395000
BIKA,2019-11-05,194,197,194,197,200,2,0
BIMA,2019-11-05,0,0,0,50,0,0,0
BINA,2019-11-05,860,860,820,860,800,3,0
BIPI,2019-11-05,50,50,50,50,2882100,139,0
BIPP,2019-11-05,75,75,69,75,33600,7,0
BIRD,2019-11-05,2240,2250,2170,2200,326700,177,156500
BISI,2019-11-05,1250,1250,1230,1230,55400,67,900
BJBR,2019-11-05,1870,1875,1825,1825,7633900,476,-14900
BJTM,2019-11-05,685,690,675,690,6782300,620,-810500
BKDP,2019-11-05,57,59,56,58,7900,7,0
BKSL,2019-11-05,113,116,113,114,69313500,552,1274700
BKSW,2019-11-05,216,228,214,228,30600,8,0
BLTA,2019-11-05,0,0,0,50,0,0,0
BLTZ,2019-11-05,0,0,0,3000,0,0,0
BLUE,2019-11-05,505,570,500,500,114000,94,0
BMAS,2019-11-05,310,310,280,304,3200,5,0
BMRI,2019-11-05,6950,7200,6925,7200,47126500,7141,-5739918
BMSR,2019-11-05,74,85,73,75,179500,41,0
BMTR,2019-11-05,394,398,380,386,32323800,1801,11673100
BNBA,2019-11-05,322,324,318,324,123400,23,-12700
BNBR,2019-11-05,50,50,50,50,434100,26,0
BNGA,2019-11-05,995,995,980,990,2850900,677,722120
BNII,2019-11-05,214,220,212,212,879900,114,-170000
BNLI,2019-11-05,1380,1405,1350,1385,59030100,1877,1411200
BOGA,2019-11-05,810,820,805,820,6942500,472,51600
BOLA,2019-11-05,346,360,346,360,223200,65,0
BOLT,2019-11-05,875,875,865,875,127800,156,0
BORN,2019-11-05,0,0,0,50,0,0,0
BOSS,2019-11-05,460,460,428,440,2825300,304,0
BPFI,2019-11-05,1185,1205,1185,1205,240500,8,-131200
BPII,2019-11-05,0,0,0,10000,0,0,0
BPTR,2019-11-05,105,108,104,106,8162300,1373,0
BRAM,2019-11-05,15925,15925,12800,12800,28700,8,0
BRIS,2019-11-05,384,392,384,388,3144800,451,65000
BRMS,2019-11-05,53,57,53,54,137558800,1350,442681000
BRNA,2019-11-05,0,0,0,1060,0,0,0
BRPT,2019-11-05,950,965,945,965,41656800,3237,-1643036
BSDE,2019-11-05,1385,1390,1350,1375,15349100,2133,1335476
BSIM,2019-11-05,530,545,530,540,30600,22,0
BSIM-W3,2019-11-05,0,0,0,50,0,0,0
BSSR,2019-11-05,1765,1765,1765,1765,1100,3,0
BSWD,2019-11-05,0,0,0,1750,0,0,0
BTEK,2019-11-05,74,78,71,75,91088200,383,-6295400
BTEL,2019-11-05,0,0,0,50,0,0,0
BTON,2019-11-05,202,206,202,202,55100,12,0
BTPN,2019-11-05,3170,3320,3170,3270,87800,53,-47600
BTPS,2019-11-05,3920,4220,3910,4100,33309800,6092,-886500
BUDI,2019-11-05,101,101,100,101,992500,22,0
BUKK,2019-11-05,1700,1750,1700,1750,2600,5,0
BULL,2019-11-05,190,191,188,188,10574400,147,1216800
BUMI,2019-11-05,83,86,81,84,375320500,3578,-7781800
BUVA,2019-11-05,80,85,78,85,60400,27,0
BVIC,2019-11-05,167,173,167,173,239300,20,0
BWPT,2019-11-05,122,126,121,123,32551800,821,-3189400
BYAN,2019-11-05,13300,13300,13300,13300,13200,9,7800
CAKK,2019-11-05,85,91,84,87,6684300,277,0
CAMP,2019-11-05,398,406,398,400,302000,75,0
CANI,2019-11-05,183,183,180,180,200,2,0
CARS,2019-11-05,214,220,214,218,2677300,67,0
CASA,2019-11-05,394,394,386,392,12268600,581,272200
CASS,2019-11-05,625,625,590,590,4200,8,2900
CCSI,2019-11-05,286,288,278,280,1661200,335,0
CEKA,2019-11-05,1555,1600,1555,1580,246900,71,0
CENT,2019-11-05,76,78,75,76,16224700,112,0
CFIN,2019-11-05,290,292,290,290,135600,39,50000
CINT,2019-11-05,260,264,248,256,43500,18,0
CITA,2019-11-05,0,0,0,1930,0,0,0
CITY,2019-11-05,0,0,0,181,0,0,0
CKRA,2019-11-05,0,0,0,76,0,0,0
CLAY,2019-11-05,4950,5225,4950,4990,2121100,1446,28200
CLEO,2019-11-05,545,550,535,545,8833200,1217,729500
CLPI,2019-11-05,780,795,780,790,3800,9,0
CMNP,2019-11-05,1890,1940,1800,1900,126200,25,94600
CMPP,2019-11-05,0,0,0,184,0,0,0
CNKO,2019-11-05,50,50,50,50,200,2,0
CNTB,2019-11-05,0,0,0,250,0,0,0
CNTX,2019-11-05,352,390,332,390,10100,10,0
COCO,2019-11-05,925,925,920,925,2607800,347,20200
COWL,2019-11-05,195,195,190,190,500,3,0
CPIN,2019-11-05,6900,7300,6900,7300,9931300,4215,-2411704
CPRI,2019-11-05,51,53,51,51,5862900,248,-2126400
CPRO,2019-11-05,50,50,50,50,10200,3,0
CSAP,2019-11-05,448,448,448,448,191100,19,0
CSIS,2019-11-05,98,99,96,96,211800,636,0
CTBN,2019-11-05,0,0,0,3230,0,0,0
CTRA,2019-11-05,1055,1115,1050,1115,23553300,2982,7826834
CTTH,2019-11-05,80,80,76,77,653900,101,0
DART,2019-11-05,0,0,0,364,0,0,0
DAYA,2019-11-05,0,0,0,230,0,0,0
DEAL,2019-11-05,1980,2020,1955,2010,18373700,1273,23500
DEFI,2019-11-05,0,0,0,1770,0,0,0
DEWA,2019-11-05,50,50,50,50,4500,3,0
DFAM,2019-11-05,1085,1085,1070,1075,7847800,1091,-34300
DGIK,2019-11-05,50,50,50,50,30100,2,0
DIGI,2019-11-05,0,0,0,1745,0,0,0
DILD,2019-11-05,340,340,336,338,499100,145,-242400
DIVA,2019-11-05,3640,3770,3640,3720,1592700,200,256400
DKFT,2019-11-05,198,199,190,194,19977800,1643,0
DLTA,2019-11-05,6700,6850,6700,6850,11500,13,0
DMAS,2019-11-05,314,328,314,328,44495200,1961,-8831520
DMMX,2019-11-05,278,278,268,272,9745500,760,532200
DNAR,2019-11-05,250,290,218,270,24200,21,0
DNET,2019-11-05,3070,3070,3070,3070,3500,2,0
DOID,2019-11-05,328,334,322,324,20873700,1111,2559400
DPNS,2019-11-05,262,262,262,262,100,1,0
DPUM,2019-11-05,110,110,109,110,219600,8,0
DSFI,2019-11-05,111,114,108,110,567900,61,0
DSNG,2019-11-05,390,422,388,402,7278800,545,-1169400
DSSA,2019-11-05,0,0,0,18700,0,0,0
DUCK,2019-11-05,1940,2100,1930,2010,13251100,888,-1157100
DUTI,2019-11-05,4970,4970,4970,4970,200,1,0
DVLA,2019-11-05,2250,2250,2250,2250,32800,9,0
DWGL,2019-11-05,318,320,290,290,1457200,237,-20000
DYAN,2019-11-05,131,135,131,132,4866100,97,0
EAST,2019-11-05,98,99,94,94,5978900,395,-1110000
ECII,2019-11-05,1080,1080,1005,1050,175000,23,117700
EKAD,2019-11-05,915,925,890,915,279000,114,106300
ELSA,2019-11-05,320,320,314,314,13031800,928,-869000
ELTY,2019-11-05,0,0,0,50,0,0,0
EMDE,2019-11-05,212,232,212,232,41000,3,0
EMTK,2019-11-05,5600,5600,5600,5600,200,2,0
ENRG,2019-11-05,55,58,55,56,37463800,499,0
ENVY,2019-11-05,2740,2790,2730,2780,12094900,2168,-24100
EPMT,2019-11-05,0,0,0,2110,0,0,0
ERAA,2019-11-05,1575,1645,1570,1635,35455900,8595,-3061000
ERTX,2019-11-05,141,142,136,136,7000,12,0
ESSA,2019-11-05,292,294,284,286,3020500,299,-69700
ESTI,2019-11-05,98,98,97,97,1261000,46,0
ETWA,2019-11-05,72,72,65,68,154300,31,0
EXCL,2019-11-05,3550,3560,3470,3500,17822800,4588,577300
FAST,2019-11-05,2880,2880,2880,2880,6500,6,-100
FASW,2019-11-05,7500,7500,7500,7500,17700,16,0
FILM,2019-11-05,218,224,218,220,1058900,242,0
FINN,2019-11-05,50,50,50,50,400,3,0
FIRE,2019-11-05,2130,2130,1930,2000,50488600,614,344800
FISH,2019-11-05,0,0,0,2700,0,0,0
FITT,2019-11-05,107,109,105,106,6117500,309,0
FMII,2019-11-05,0,0,0,500,0,0,0
FOOD,2019-11-05,126,126,121,123,351300,96,-30100
FORU,2019-11-05,0,0,0,114,0,0,0
FORZ,2019-11-05,900,905,855,875,18227100,344,302100
FPNI,2019-11-05,128,128,126,127,164700,25,-48900
FREN,2019-11-05,157,161,154,158,289066400,9433,-62806700
FUJI,2019-11-05,99,111,99,107,1186500,104,100000
GAMA,2019-11-05,50,50,50,50,1000,1,0
GDST,2019-11-05,85,86,82,83,381600,58,0
GDYR,2019-11-05,0,0,0,1985,0,0,0
GEMA,2019-11-05,348,370,328,370,61300,10,0
GEMS,2019-11-05,0,0,0,2550,0,0,0
GGRM,2019-11-05,52700,53925,52700,53925,1464700,4920,144710
GGRP,2019-11-05,715,715,660,685,195700,92,8500
GHON,2019-11-05,1400,1400,1400,1400,100,1,0
GIAA,2019-11-05,600,610,580,580,15159900,2263,-3243500
GJTL,2019-11-05,620,630,615,620,5986500,282,1343000
GLOB,2019-11-05,378,466,378,462,510800,374,0
GMFI,2019-11-05,184,186,184,186,2019700,193,-250000
GMTD,2019-11-05,18000,18000,18000,18000,500,1,0
GOLD,2019-11-05,230,230,230,230,400,2,0
GOLL,2019-11-05,0,0,0,50,0,0,0
GOOD,2019-11-05,1555,1565,1550,1550,374600,162,0
GPRA,2019-11-05,91,92,91,92,500,2,0
GREN,2019-11-05,0,0,0,328,0,0,0
GSMF,2019-11-05,120,121,120,121,4300,4,0
GTBO,2019-11-05,170,170,166,166,200,2,0
GWSA,2019-11-05,166,166,166,166,471500,14,0
GZCO,2019-11-05,50,51,50,50,4545700,235,13970000
HADE,2019-11-05,0,0,0,50,0,0,0
HDFA,2019-11-05,0,0,0,144,0,0,0
HDIT,2019-11-05,790,795,750,780,4600,9,0
HDTX,2019-11-05,0,0,0,120,0,0,0
HEAL,2019-11-05,3860,3860,3820,3830,128800,54,-2300
HELI,2019-11-05,150,151,148,151,31300,13,0
HERO,2019-11-05,0,0,0,780,0,0,0
HEXA,2019-11-05,3470,3550,3470,3500,175800,256,140200
HITS,2019-11-05,610,635,605,605,62800,13,0
HKMU,2019-11-05,320,336,318,332,17749300,728,0
HMSP,2019-11-05,2080,2120,2060,2080,44440400,6082,-3183538
HOKI,2019-11-05,955,975,940,970,35219400,1053,-824800
HOME,2019-11-05,55,65,50,50,2289712600,15749,19755100
HOTL,2019-11-05,156,160,155,158,12671600,198,0
HRME,2019-11-05,1010,1015,985,985,11304300,2115,10000
HRTA,2019-11-05,294,294,280,286,252900,74,2600
HRUM,2019-11-05,1350,1380,1320,1380,801800,367,-11300
IATA,2019-11-05,50,50,50,50,2100,2,0
IBFN,2019-11-05,242,250,204,250,85200,24,0
IBST,2019-11-05,0,0,0,9775,0,0,0
ICBP,2019-11-05,11300,11425,11100,11200,9265000,6360,5319538
ICON,2019-11-05,100,100,100,100,500,2,0
IDPR,2019-11-05,350,350,350,350,7500,5,5100
IGAR,2019-11-05,346,348,330,338,125800,64,0
IIKP,2019-11-05,50,50,50,50,3500,3,0
IKAI,2019-11-05,148,150,145,149,6951600,218,-297900
IKBI,2019-11-05,266,278,266,278,10600,3,0
IMAS,2019-11-05,1285,1305,1255,1255,1378500,534,14600
IMJS,2019-11-05,352,354,348,350,130100,23,0
IMPC,2019-11-05,1030,1040,1030,1040,374200,38,0
INAF,2019-11-05,1035,1095,1035,1055,111900,153,-5000
INAI,2019-11-05,430,430,428,428,9700,8,0
INCF,2019-11-05,55,56,53,54,1716000,132,0
INCI,2019-11-05,0,0,0,446,0,0,0
INCO,2019-11-05,3520,3640,3500,3640,11796400,3032,-3524200
INDF,2019-11-05,7800,8000,7700,8000,11215700,5155,-2245544
INDR,2019-11-05,3550,3630,3500,3600,17400,32,-6100
INDS,2019-11-05,2380,2570,2380,2500,3954100,396,-1467200
INDX,2019-11-05,68,68,65,65,236900,14,0
INDY,2019-11-05,1300,1335,1285,1330,13160900,1867,-1959300
INKP,2019-11-05,7975,8050,7800,7900,12242000,5929,394262
INOV,2019-11-05,384,408,382,400,9026300,1559,0
INPC,2019-11-05,68,68,66,68,417500,37,0
INPP,2019-11-05,710,800,710,800,300,3,0
INPS,2019-11-05,6200,6200,6000,6150,7300,20,500
INRU,2019-11-05,825,825,825,825,20000,1,0
INTA,2019-11-05,458,460,450,460,352200,78,0
INTD,2019-11-05,260,296,252,274,208300,45,0
INTP,2019-11-05,19800,20200,19800,20050,1841000,2400,-714970
IPCC,2019-11-05,780,780,740,770,2810400,319,1173500
IPCM,2019-11-05,198,202,194,200,70600,54,3500
IPOL,2019-11-05,97,99,96,99,428200,35,0
IPTV,2019-11-05,525,540,515,525,21394800,15524,-2965200
IRRA,2019-11-05,730,745,730,740,23202300,3853,0
ISAT,2019-11-05,3200,3280,3160,3250,6585900,2811,786700
ISSP,2019-11-05,204,206,197,199,24055900,1602,742200
ITIC,2019-11-05,1335,1335,1290,1290,13186700,1284,0
ITMA,2019-11-05,660,660,645,645,5600,5,0
ITMG,2019-11-05,12500,13000,12475,12750,2010300,3840,-153600
ITTG,2019-11-05,0,0,0,82,0,0,0
JAST,2019-11-05,2000,2010,1960,2000,4831300,888,-1300
JAWA,2019-11-05,0,0,0,121,0,0,0
JAYA,2019-11-05,91,98,91,95,1222700,143,-200000
JECC,2019-11-05,0,0,0,6175,0,0,0
JGLE,2019-11-05,0,0,0,50,0,0,0
JIHD,2019-11-05,600,600,600,600,300,1,0
JKON,2019-11-05,0,0,0,500,0,0,0
JKSW,2019-11-05,0,0,0,60,0,0,0
JMAS,2019-11-05,0,0,0,875,0,0,0
JPFA,2019-11-05,1715,1760,1710,1750,16442500,4004,3388200
JRPT,2019-11-05,640,675,630,650,5736800,587,287862
JSKY,2019-11-05,700,735,670,730,83221800,5943,-1488700
JSMR,2019-11-05,5275,5475,5275,5475,6117800,2693,1319892
JSPT,2019-11-05,950,950,950,950,100,1,0
JTPE,2019-11-05,990,995,990,995,324400,17,-600
KAEF,2019-11-05,2630,2670,2510,2580,237300,311,-6900
KARW,2019-11-05,73,77,66,69,510500,82,0
KAYU,2019-11-05,154,156,151,153,10457200,526,41000
KBLI,2019-11-05,565,605,560,590,19607200,2182,-36700
KBLM,2019-11-05,312,312,312,312,9300,6,0
KBLV,2019-11-05,414,414,398,398,400,3,0
KBRI,2019-11-05,0,0,0,50,0,0,0
KDSI,2019-11-05,1345,1365,1345,1350,8100,7,0
KEEN,2019-11-05,665,670,650,650,4812700,1119,-81500
KIAS,2019-11-05,81,81,79,79,205600,57,0
KICI,2019-11-05,350,350,340,340,30600,4,-30600
KIJA,2019-11-05,324,326,322,326,5015800,1143,576000
KINO,2019-11-05,3800,3860,3790,3820,1240100,357,-120400
KIOS,2019-11-05,300,300,300,300,6600,9,0
KJEN,2019-11-05,2040,2040,2030,2040,152500,69,0
KKGI,2019-11-05,232,254,232,246,1041400,240,-737800
KLBF,2019-11-05,1580,1610,1560,1610,30704900,3174,-5440008
KMTR,2019-11-05,308,312,304,308,63900,36,-25800
KOBX,2019-11-05,140,143,138,141,337100,107,0
KOIN,2019-11-05,0,0,0,166,0,0,0
KONI,2019-11-05,610,745,610,740,3900,12,0
KOPI,2019-11-05,630,640,630,635,39400,60,0
KOTA,2019-11-05,610,625,610,620,8234900,348,-25200
KPAL,2019-11-05,580,610,550,600,10867600,2403,-166600
KPAS,2019-11-05,91,94,91,92,820900,411,90000
KPIG,2019-11-05,138,142,136,138,25468500,650,-50000
KRAH,2019-11-05,0,0,0,800,0,0,0
KRAS,2019-11-05,340,340,336,338,1333100,245,235400
KREN,2019-11-05,515,530,510,525,105397700,1369,-2148800
LAND,2019-11-05,1320,1385,1320,1320,1100,8,0
LAPD,2019-11-05,50,50,50,50,100,1,0
LCGP,2019-11-05,0,0,0,114,0,0,0
LCKM,2019-11-05,326,326,326,326,5000,2,0
LEAD,2019-11-05,50,50,50,50,12600,7,0
LIFE,2019-11-05,5100,5100,5000,5025,7200,25,5200
LINK,2019-11-05,4350,4350,4270,4300,1820000,1258,1500600
LION,2019-11-05,480,484,452,484,11300,11,0
LMAS,2019-11-05,52,53,52,52,3199500,82,0
LMPI,2019-11-05,131,131,125,125,25100,10,0
LMSH,2019-11-05,0,0,0,480,0,0,0
LPCK,2019-11-05,1280,1310,1265,1290,1164900,631,359942
LPGI,2019-11-05,0,0,0,3400,0,0,0
LPIN,2019-11-05,282,282,282,282,100,1,0
LPKR,2019-11-05,230,234,228,230,99110800,591,16755412
LPLI,2019-11-05,104,109,104,106,500,5,0
LPPF,2019-11-05,3520,3600,3460,3530,10559400,4297,2658900
LPPS,2019-11-05,90,92,90,92,29400,49,0
LRNA,2019-11-05,135,135,134,134,5400,4,0
LSIP,2019-11-05,1370,1405,1360,1390,27684600,2749,1385400
LTLS,2019-11-05,665,665,660,665,15600,7,0
LUCK,2019-11-05,760,940,735,895,1518900,580,-200
MABA,2019-11-05,50,50,50,50,30500,6,0
MAGP,2019-11-05,50,50,50,50,900,2,0
MAIN,2019-11-05,1175,1190,1165,1175,4843300,876,57000
MAMI,2019-11-05,242,244,238,244,224734300,26848,9627400
MAMIP,2019-11-05,0,0,0,600,0,0,0
MAPA,2019-11-05,5100,5200,5000,5100,348100,66,-4600
MAPB,2019-11-05,1740,1740,1740,1740,300,2,0
MAPI,2019-11-05,1045,1100,1040,1090,17199900,4723,-2036000
MARI,2019-11-05,200,208,199,206,165800,45,0
MARK,2019-11-05,472,478,470,478,1186600,262,0
MASA,2019-11-05,500,500,484,484,88400,11,53000
MAYA,2019-11-05,0,0,0,8100,0,0,0
MBAP,2019-11-05,2020,2340,2000,2100,315400,366,2500
MBSS,2019-11-05,515,525,510,510,190700,74,0
MBTO,2019-11-05,112,113,112,113,900,3,0
MCAS,2019-11-05,3220,3250,3210,3210,895100,129,0
MCOR,2019-11-05,139,139,136,139,1479800,78,0
MDIA,2019-11-05,86,87,83,83,972400,49,0
MDKA,2019-11-05,1155,1155,1105,1115,21602500,2651,3800500
MDKI,2019-11-05,208,208,200,208,466000,57,0
MDLN,2019-11-05,220,228,220,226,8344600,507,-2850100
MDRN,2019-11-05,0,0,0,50,0,0,0
MEDC,2019-11-05,650,655,640,655,19328500,1216,-285600
MEGA,2019-11-05,5950,5950,5950,5950,400,4,0
MERK,2019-11-05,3200,3200,3110,3180,14100,23,0
META,2019-11-05,192,192,192,192,200,2,0
MFIN,2019-11-05,1310,1310,1310,1310,110000,1,0
MFMI,2019-11-05,478,484,478,484,15600,7,0
MGNA,2019-11-05,0,0,0,50,0,0,0
MGRO,2019-11-05,905,915,900,915,3398000,606,2000
MICE,2019-11-05,0,0,0,348,0,0,0
MIDI,2019-11-05,1100,1100,1100,1100,201000,5,200000
MIKA,2019-11-05,2660,2710,2650,2660,16493400,3379,1346400
MINA,2019-11-05,1420,1420,1350,1350,4042000,42,5992
MIRA,2019-11-05,0,0,0,50,0,0,0
MITI,2019-11-05,0,0,0,51,0,0,0
MKNT,2019-11-05,50,51,50,50,12429200,595,400000
MKPI,2019-11-05,0,0,0,13500,0,0,0
MLBI,2019-11-05,16900,16900,16800,16800,25200,24,-20000
MLIA,2019-11-05,1290,1295,1255,1255,3824400,1076,40300
MLPL,2019-11-05,82,84,80,82,8546800,299,0
MLPT,2019-11-05,700,700,620,620,6300,2,100
MMLP,2019-11-05,332,332,330,330,791600,30,500000
MNCN,2019-11-05,1325,1360,1325,1345,33075800,36229,-13915300
MOLI,2019-11-05,770,795,770,795,12600,5,0
MPMX,2019-11-05,695,730,690,725,3324000,626,0
MPOW,2019-11-05,149,150,142,142,116900,20,0
MPPA,2019-11-05,168,172,168,170,1497300,195,0
MPRO,2019-11-05,1710,1710,1295,1430,105500,218,1500
MRAT,2019-11-05,162,162,162,162,4200,7,0
MREI,2019-11-05,4000,4500,4000,4500,109500,41,-89900
MSIN,2019-11-05,464,466,460,466,5374800,7216,-1577300
MSKY,2019-11-05,925,970,925,970,300,3,-200
MTDL,2019-11-05,1710,1825,1710,1800,16688200,3374,850200
MTFN,2019-11-05,50,50,50,50,100,1,0
MTLA,2019-11-05,470,470,468,468,1100,4,0
MTPS,2019-11-05,1115,1155,1115,1155,7583900,7,0
MTRA,2019-11-05,342,342,342,342,11000,3,0
MTSM,2019-11-05,0,0,0,224,0,0,0
MTWI,2019-11-05,68,73,68,70,1029200,78,0
MYOH,2019-11-05,1290,1310,1255,1285,905500,147,128600
MYOR,2019-11-05,2170,2180,2120,2150,3564700,1563,-202100
MYRX,2019-11-05,89,91,80,80,71620200,576,-6193600
MYRXP,2019-11-05,0,0,0,50,0,0,0
MYTX,2019-11-05,69,69,59,59,23400,16,0
NASA,2019-11-05,770,770,750,750,6846000,508,140646
NATO,2019-11-05,830,830,820,830,15358800,1470,-100900
NELY,2019-11-05,150,150,149,149,5400,2,0
NFCX,2019-11-05,3340,3340,3170,3210,1451100,268,7300
NICK,2019-11-05,334,334,274,324,49500,16,0
NIKL,2019-11-05,960,970,950,950,157500,99,0
NIPS,2019-11-05,0,0,0,282,0,0,0
NIRO,2019-11-05,144,144,142,142,55800,33,-54910
NISP,2019-11-05,840,850,840,850,13300,8,0
NOBU,2019-11-05,860,885,860,885,300,2,0
NRCA,2019-11-05,380,382,378,382,251600,53,0
NUSA,2019-11-05,58,63,50,50,188227000,2652,3005300
NZIA,2019-11-05,1140,1145,1055,1055,2581800,506,-11200
OASA,2019-11-05,330,330,330,330,100,1,0
OCAP,2019-11-05,276,276,264,264,16200,6,0
OKAS,2019-11-05,175,191,167,183,143800,52,0
OMRE,2019-11-05,0,0,0,1255,0,0,0
OPMS,2019-11-05,143,150,134,135,52789200,4212,14000
PADI,2019-11-05,680,710,600,600,40172200,193,-68000
PALM,2019-11-05,230,230,212,212,800,7,0
PAMG,2019-11-05,140,148,140,143,4582300,125,0
PANI,2019-11-05,97,103,97,103,7200,3,0
PANR,2019-11-05,342,344,342,344,1310300,186,0
PANS,2019-11-05,1565,1570,1565,1570,2600,5,0
PBID,2019-11-05,1045,1050,1000,1035,76500,46,500
PBRX,2019-11-05,745,745,740,740,101900,6,-700
PBSA,2019-11-05,306,328,302,310,182400,35,6500
PCAR,2019-11-05,2010,2020,2000,2020,1300,6,600
PDES,2019-11-05,650,815,650,740,700,6,0
PEGE,2019-11-05,240,270,230,240,34000,12,-19100
PEHA,2019-11-05,1190,1200,1140,1165,84400,108,-28000
PGAS,2019-11-05,1985,2050,1980,1990,110557400,12633,-11737305
PGLI,2019-11-05,113,120,113,120,216300,27,0
PICO,2019-11-05,3600,3630,3600,3610,1466900,245,0
PJAA,2019-11-05,1075,1135,1050,1125,26700,159,12300
PKPK,2019-11-05,73,77,73,75,874700,68,0
PLAS,2019-11-05,0,0,0,50,0,0,0
PLIN,2019-11-05,3300,3300,3300,3300,200,2,0
PNBN,2019-11-05,1320,1350,1285,1315,1796000,664,302100
PNBS,2019-11-05,50,50,50,50,46200,26,0
PNIN,2019-11-05,1145,1170,1145,1170,110600,44,0
PNLF,2019-11-05,296,298,288,288,26715700,1031,7030900
PNSE,2019-11-05,450,450,450,450,200,1,0
POLA,2019-11-05,1060,1060,1000,1000,17200,21,0
POLI,2019-11-05,1900,2100,1900,1985,12900,31,0
POLL,2019-11-05,8000,8025,7975,8000,304500,868,-5000
POLU,2019-11-05,2290,2290,2200,2210,3400,17,0
POLY,2019-11-05,61,65,61,63,480100,79,0
POOL,2019-11-05,1620,1695,1620,1665,139555500,896,-4962900
PORT,2019-11-05,0,0,0,615,0,0,0
POSA,2019-11-05,67,78,66,68,32888000,2573,-10800
POWR,2019-11-05,1075,1090,1070,1080,1769300,116,1070100
PPRE,2019-11-05,290,290,282,284,5442200,1765,-10000
PPRO,2019-11-05,99,100,98,99,86884100,941,-165072
PRAS,2019-11-05,0,0,0,153,0,0,0
PRDA,2019-11-05,4070,4120,3950,4120,349900,112,236900
PRIM,2019-11-05,310,310,300,300,26100,3,1000
PSAB,2019-11-05,294,302,284,286,61956300,5685,-931200
PSDN,2019-11-05,140,150,140,145,6000,4,0
PSKT,2019-11-05,0,0,0,50,0,0,0
PSSI,2019-11-05,175,175,166,172,885600,128,12300
PTBA,2019-11-05,2320,2450,2310,2430,49811800,6478,-11084778
PTIS,2019-11-05,0,0,0,252,0,0,0
PTPP,2019-11-05,1660,1690,1650,1675,33123500,2915,17232800
PTRO,2019-11-05,1480,1535,1480,1505,1486900,487,0
PTSN,2019-11-05,376,386,374,380,294000,104,-40400
PTSP,2019-11-05,4750,4750,4750,4750,100,1,100
PUDP,2019-11-05,0,0,0,360,0,0,0
PURE,2019-11-05,1025,1050,990,1045,59150000,4392,14800
PWON,2019-11-05,615,615,595,610,35113500,3167,13711670
PYFA,2019-11-05,200,200,170,194,37100,9,0
PZZA,2019-11-05,1210,1215,1185,1200,1668400,163,-641300
R-ABFII,2019-11-05,0,0,0,28600,0,0,0
RAJA,2019-11-05,240,240,234,236,897000,134,0
RALS,2019-11-05,1185,1200,1175,1185,7363300,1537,5619200
RANC,2019-11-05,340,340,340,340,10000,1,-10000
RBMS,2019-11-05,95,95,91,91,3450300,2313,0
RDTX,2019-11-05,6000,6000,6000,6000,10000,8,0
RELI,2019-11-05,166,166,166,166,100,1,0
RICY,2019-11-05,156,156,156,156,700,1,0
RIGS,2019-11-05,252,258,250,258,48600,5,0
RIMO,2019-11-05,115,118,96,96,195660600,806,-3413100
RISE,2019-11-05,635,645,625,640,2682500,311,30868
RMBA,2019-11-05,350,350,344,344,200,2,0
RODA,2019-11-05,206,212,155,187,256000,75,0
ROTI,2019-11-05,1325,1330,1305,1315,1060800,319,117400
RUIS,2019-11-05,250,250,250,250,100,1,0
SAFE,2019-11-05,198,199,197,198,431000,54,0
SAME,2019-11-05,292,292,280,280,198500,41,-120000
SAPX,2019-11-05,0,0,0,850,0,0,0
SATU,2019-11-05,108,108,102,102,4100,6,0
SCBD,2019-11-05,0,0,0,2700,0,0,0
SCCO,2019-11-05,9100,9100,9100,9100,12400,5,-10000
SCMA,2019-11-05,1185,1215,1175,1185,15513800,2468,-2257520
SCPI,2019-11-05,0,0,0,29000,0,0,0
SDMU,2019-11-05,50,50,50,50,150400,16,0
SDPC,2019-11-05,95,100,95,100,200,2,0
SDRA,2019-11-05,0,0,0,840,0,0,0
SFAN,2019-11-05,1015,1020,1015,1020,23300,19,0
SGRO,2019-11-05,2350,2350,2310,2310,20400,9,19200
SHID,2019-11-05,0,0,0,3150,0,0,0
SHIP,2019-11-05,790,805,790,800,1125000,107,0
SIDO,2019-11-05,1235,1240,1200,1215,3686100,1595,-6018600
SILO,2019-11-05,7075,7175,6925,7000,674400,483,-153000
SIMA,2019-11-05,63,68,63,64,4964400,260,0
SIMP,2019-11-05,356,380,356,378,121854300,12122,27779000
SIPD,2019-11-05,1050,1050,1050,1050,600,2,0
SKBM,2019-11-05,0,0,0,400,0,0,0
SKLT,2019-11-05,0,0,0,1610,0,0,0
SKRN,2019-11-05,590,605,575,580,793600,124,0
SKYB,2019-11-05,64,70,64,64,1569000,273,0
SLIS,2019-11-05,1880,1910,1800,1910,502500,336,-100
SMAR,2019-11-05,3790,3850,3780,3780,4700,14,0
SMBR,2019-11-05,605,615,600,605,5085700,903,642300
SMCB,2019-11-05,1345,1410,1285,1380,204000,91,0
SMDM,2019-11-05,125,125,122,122,30100,4,0
SMDR,2019-11-05,270,270,266,270,128500,54,-1400
SMGR,2019-11-05,12450,12700,12400,12475,9083800,3553,360208
SMKL,2019-11-05,228,228,218,228,126000,70,0
SMMA,2019-11-05,12000,12000,12000,12000,1000,2,0
SMMT,2019-11-05,119,124,118,123,534400,37,364600
SMRA,2019-11-05,1105,1155,1105,1140,10652800,1994,-3058192
SMRU,2019-11-05,50,50,50,50,10500,15,0
SMSM,2019-11-05,1425,1430,1405,1415,1453900,1265,-140000
SOCI,2019-11-05,210,210,204,206,9958600,432,-59200
SONA,2019-11-05,6000,6000,6000,6000,8100,3,0
SOSS,2019-11-05,362,366,362,364,158000,12,0
SOTS,2019-11-05,266,266,250,260,2900,3,0
SPMA,2019-11-05,346,368,346,348,60700,24,0
SPTO,2019-11-05,980,980,975,975,6627800,274,-4859900
SQMI,2019-11-05,416,492,414,484,123860100,10341,38117933
SRAJ,2019-11-05,300,300,298,298,3700,5,0
SRIL,2019-11-05,282,284,280,284,8609800,676,1732900
SRSN,2019-11-05,68,69,67,69,416400,47,0
SRTG,2019-11-05,3790,3790,3680,3700,178100,51,17800
SSIA,2019-11-05,765,770,745,745,16805200,944,5459900
SSMS,2019-11-05,845,850,830,845,84897700,423,370200
SSTM,2019-11-05,0,0,0,480,0,0,0
STAR,2019-11-05,97,98,97,98,61100,5,0
STTP,2019-11-05,0,0,0,4200,0,0,0
SUGI,2019-11-05,0,0,0,50,0,0,0
SULI,2019-11-05,50,51,50,50,2173900,133,0
SUPR,2019-11-05,0,0,0,3170,0,0,0
SURE,2019-11-05,3010,3010,3010,3010,100,1,0
SWAT,2019-11-05,107,110,106,107,9232300,3422,100000
TALF,2019-11-05,354,354,354,354,100,1,0
TAMU,2019-11-05,498,500,482,494,32875100,1756,-2216200
TARA,2019-11-05,735,735,730,735,48709300,1444,-170100
TAXI,2019-11-05,50,50,50,50,8200,9,0
TBIG,2019-11-05,5800,5800,5575,5650,3084700,1177,51200
TBLA,2019-11-05,940,960,935,945,4033800,812,228300
TBMS,2019-11-05,820,825,820,820,300,3,0
TCID,2019-11-05,11500,11500,11500,11500,6400,6,0
TCPI,2019-11-05,5300,5325,5100,5100,5410400,8612,3000
TDPM,2019-11-05,264,270,258,268,20660800,376,10400
TELE,2019-11-05,306,328,306,316,32320800,2482,139500
TFAS,2019-11-05,206,210,202,202,2969000,208,0
TFCO,2019-11-05,600,600,500,500,400,2,0
TGKA,2019-11-05,4740,4740,4740,4740,1100,2,0
TGRA,2019-11-05,840,840,785,830,42894900,366,940100
TIFA,2019-11-05,178,180,178,180,5400,6,0
TINS,2019-11-05,835,845,825,845,19058700,2514,1441500
TIRA,2019-11-05,212,252,212,236,800,7,0
TIRT,2019-11-05,64,64,59,60,250200,64,0
TKIM,2019-11-05,10900,11200,10625,11200,1279200,2216,-339058
TLKM,2019-11-05,4170,4200,4130,4200,109276000,7741,741126
TMAS,2019-11-05,117,119,115,116,4011300,284,0
TMPI,2019-11-05,0,0,0,50,0,0,0
TMPO,2019-11-05,0,0,0,153,0,0,0
TNCA,2019-11-05,280,280,264,274,98400,53,0
TOBA,2019-11-05,370,370,362,362,200,2,0
TOPS,2019-11-05,575,580,570,580,3069800,70,-67400
TOTL,2019-11-05,424,430,416,418,1155500,418,362100
TOTO,2019-11-05,304,308,304,308,48700,8,0
TOWR,2019-11-05,645,650,630,630,21109500,3273,4237000
TPIA,2019-11-05,9375,9500,9375,9500,3871900,1015,-183400
TPMA,2019-11-05,0,0,0,286,0,0,0
TRAM,2019-11-05,101,106,94,95,1221523500,4334,484000
TRIL,2019-11-05,0,0,0,50,0,0,0
TRIM,2019-11-05,148,150,147,150,101400,14,0
TRIO,2019-11-05,0,0,0,426,0,0,0
TRIS,2019-11-05,268,270,260,260,62500,31,0
TRST,2019-11-05,0,0,0,380,0,0,0
TRUK,2019-11-05,112,113,111,113,2230800,160,0
TRUS,2019-11-05,352,352,350,350,300,2,0
TSPC,2019-11-05,1415,1435,1410,1415,269500,49,-52900
TUGU,2019-11-05,3450,3470,3450,3470,11000,6,-10000
TURI,2019-11-05,990,990,990,990,3700,2,0
ULTJ,2019-11-05,1690,1720,1640,1645,567100,361,137300
UNIC,2019-11-05,3800,3800,3800,3800,200,2,0
UNIT,2019-11-05,182,183,182,182,1900,5,0
UNSP,2019-11-05,97,100,96,98,432100,57,76003500
UNTR,2019-11-05,21650,23250,21650,23250,8621400,6727,-1396024
UNVR,2019-11-05,43400,43850,43100,43850,1738100,3378,-204654
URBN,2019-11-05,2170,2170,2170,2170,4800,1,0
VICO,2019-11-05,110,110,110,110,13900,3,-13700
VINS,2019-11-05,116,116,108,108,300,3,0
VIVA,2019-11-05,81,82,78,80,8481800,581,387500
VOKS,2019-11-05,298,298,294,296,4074000,1036,0
VRNA,2019-11-05,0,0,0,111,0,0,0
WAPO,2019-11-05,89,91,89,90,207200,14,0
WEGE,2019-11-05,310,316,308,314,15550300,1240,3752300
WEHA,2019-11-05,151,152,151,152,1793000,173,0
WICO,2019-11-05,0,0,0,550,0,0,0
WIIM,2019-11-05,181,183,179,179,2809100,224,0
WIKA,2019-11-05,1950,2070,1940,2070,28308700,4533,738100
WINS,2019-11-05,125,135,125,133,51700,8,0
WOMF,2019-11-05,284,290,272,274,689400,173,0
WOOD,2019-11-05,745,760,740,760,8049500,716,1429400
WSBP,2019-11-05,318,322,316,320,19985200,1248,7640400
WSKT,2019-11-05,1480,1540,1480,1535,26268400,3976,2787400
WTON,2019-11-05,464,468,460,462,11737600,1579,5406400
XMJM,2019-11-05,0,0,0,1000,0,0,0
XPMI,2019-11-05,969,969,969,969,100,0,0
XSPI,2019-11-05,0,0,0,750,0,0,0
YELO,2019-11-05,112,112,108,109,3754600,353,0
YPAS,2019-11-05,466,466,466,466,100,1,0
YULE,2019-11-05,188,188,180,186,13800,9,0
ZBRA,2019-11-05,0,0,0,50,0,0,0
ZINC,2019-11-05,388,396,388,388,116100000,5648,-835800
ZONE,2019-11-05,454,454,450,450,182500,37,0
