AALI,2020-05-18,6325,6375,6250,6350,2141400,1116,-710900
ABBA,2020-05-18,50,50,50,50,68800,24,0
ABDA,2020-05-18,0,0,0,5500,0,0,0
ABMM,2020-05-18,0,0,0,1525,0,0,0
ACES,2020-05-18,1355,1355,1270,1295,13305300,4325,5222800
ACST,2020-05-18,238,244,232,234,236100,97,48400
ADES,2020-05-18,815,815,790,815,5100,11,0
ADHI,2020-05-18,490,490,474,476,8077800,1358,4425800
ADMF,2020-05-18,6275,6350,6275,6275,230400,175,-100000
ADMG,2020-05-18,81,82,80,81,9619600,173,9321800
ADRO,2020-05-18,935,1020,930,1020,76684300,8437,-12896707
AGAR,2020-05-18,432,456,432,456,168200,30,0
AGII,2020-05-18,402,402,374,402,429800,133,-37100
AGRO,2020-05-18,115,123,112,118,24964600,1779,98400
AGRS,2020-05-18,106,106,106,106,1400,6,0
AHAP,2020-05-18,50,50,50,50,200,2,0
AIMS,2020-05-18,0,0,0,180,0,0,0
AISA,2020-05-18,0,0,0,168,0,0,0
AKKU,2020-05-18,50,50,50,50,500,4,0
AKPI,2020-05-18,0,0,0,408,0,0,0
AKRA,2020-05-18,2300,2300,2170,2240,13179800,1550,251600
AKSI,2020-05-18,101,101,94,94,198000,55,13000
ALDO,2020-05-18,408,430,408,430,700,6,0
ALKA,2020-05-18,0,0,0,400,0,0,0
ALMI,2020-05-18,0,0,0,272,0,0,0
ALTO,2020-05-18,396,396,396,396,100,1,0
AMAG,2020-05-18,0,0,0,268,0,0,0
AMAN,2020-05-18,200,202,197,202,4800,6,0
AMAR,2020-05-18,170,173,164,170,295200,56,-60000
AMFG,2020-05-18,0,0,0,3090,0,0,0
AMIN,2020-05-18,0,0,0,400,0,0,0
AMOR,2020-05-18,2010,2010,1985,1985,42600,12,0
AMRT,2020-05-18,900,900,870,890,94400,52,700
ANDI,2020-05-18,50,50,50,50,19500,9,0
ANJT,2020-05-18,488,488,488,488,600,3,0
ANTM,2020-05-18,525,535,520,525,46702500,3331,-210700
APEX,2020-05-18,107,107,100,100,116600,23,79700
APIC,2020-05-18,875,910,870,910,18207000,4604,-2218100
APII,2020-05-18,0,0,0,198,0,0,0
APLI,2020-05-18,140,140,130,130,2500,6,0
APLN,2020-05-18,100,100,96,97,6859700,499,304100
ARGO,2020-05-18,0,0,0,825,0,0,0
ARII,2020-05-18,580,600,555,600,6500,7,0
ARKA,2020-05-18,0,0,0,1395,0,0,0
ARMY,2020-05-18,0,0,0,50,0,0,0
ARNA,2020-05-18,398,400,396,400,91200,32,79800
ARTA,2020-05-18,356,356,356,356,100,1,0
ARTI,2020-05-18,0,0,0,50,0,0,0
ARTO,2020-05-18,900,900,900,900,24600,3,0
ASBI,2020-05-18,0,0,0,250,0,0,0
ASDM,2020-05-18,0,0,0,1115,0,0,0
ASGR,2020-05-18,675,700,670,695,14700,16,0
ASII,2020-05-18,3720,3950,3710,3910,88368200,11346,-10289070
ASJT,2020-05-18,108,108,102,103,34200,8,0
ASMI,2020-05-18,1085,1085,1075,1085,12500,11,0
ASPI,2020-05-18,428,438,412,434,13298700,545,840700
ASRI,2020-05-18,111,112,105,106,15135000,1110,9261700
ASRM,2020-05-18,0,0,0,1995,0,0,0
ASSA,2020-05-18,324,334,320,330,10210100,401,-315200
ATIC,2020-05-18,630,630,630,630,100,1,0
AUTO,2020-05-18,740,745,725,745,552500,486,0
AYLS,2020-05-18,50,50,50,50,13600,4,0
BABP,2020-05-18,50,50,50,50,200,2,0
BABP-W3,2020-05-18,26,26,26,26,800,0,0
BABP-W4,2020-05-18,6,7,6,7,835300,0,0
BACA,2020-05-18,402,414,402,414,11100,6,1000
BAJA,2020-05-18,52,52,51,51,190700,38,0
BALI,2020-05-18,895,925,895,925,900,4,0
BAPA,2020-05-18,50,50,50,50,300,3,0
BAPI,2020-05-18,50,50,50,50,200,2,0
BATA,2020-05-18,570,590,570,590,1000,6,0
BAYU,2020-05-18,945,975,930,975,10000,8,0
BBCA,2020-05-18,24000,24225,23750,23825,27999500,17592,12141356
BBHI,2020-05-18,66,69,62,64,265300,23,0
BBKP,2020-05-18,125,167,125,165,199177900,9112,-161700
BBLD,2020-05-18,390,390,378,380,1350200,3,1350000
BBMD,2020-05-18,1095,1105,1085,1095,4538900,112,355000
BBNI,2020-05-18,3380,3410,3270,3330,41810400,8922,550375
BBRI,2020-05-18,2250,2270,2160,2170,455462600,41677,128186822
BBRM,2020-05-18,50,50,50,50,200,2,0
BBSS,2020-05-18,167,168,159,162,20983200,1739,0
BBTN,2020-05-18,750,760,720,760,23967600,3083,935524
BBYB,2020-05-18,220,226,206,226,143400,15,-142000
BCAP,2020-05-18,179,180,176,178,73500,30,-5500
BCIC,2020-05-18,0,0,0,450,0,0,0
BCIP,2020-05-18,50,50,50,50,700,7,0
BDMN,2020-05-18,2360,2390,2310,2310,1056900,263,140300
BEEF,2020-05-18,214,222,210,214,1216600,214,55400
BEKS,2020-05-18,50,50,50,50,1300,6,0
BELL,2020-05-18,0,0,0,710,0,0,0
BESS,2020-05-18,236,240,234,240,2152000,304,0
BEST,2020-05-18,100,101,95,96,26485300,1461,2277600
BFIN,2020-05-18,288,292,286,288,957400,58,485800
BGTG,2020-05-18,50,50,50,50,900,6,0
BHAT,2020-05-18,354,366,350,366,121822100,1781,1000
BHIT,2020-05-18,50,50,50,50,350400,19,125400
BIKA,2020-05-18,197,198,197,198,600,5,0
BIMA,2020-05-18,50,50,50,50,500,4,0
BINA,2020-05-18,975,995,975,995,3900,7,0
BIPI,2020-05-18,50,50,50,50,300,3,0
BIPP,2020-05-18,50,50,50,50,100,1,0
BIRD,2020-05-18,785,805,750,755,1642000,339,7700
BISI,2020-05-18,875,895,850,885,250200,71,0
BJBR,2020-05-18,680,690,670,675,2833100,830,93800
BJTM,2020-05-18,474,478,470,476,2812300,799,-600000
BKDP,2020-05-18,50,50,50,50,2700,5,0
BKSL,2020-05-18,50,50,50,50,34100,13,0
BKSW,2020-05-18,69,72,65,65,108000,25,0
BLTA,2020-05-18,50,50,50,50,25000,8,0
BLTZ,2020-05-18,0,0,0,3250,0,0,0
BLUE,2020-05-18,490,494,490,492,104100,109,0
BMAS,2020-05-18,242,250,230,234,12400,6,0
BMRI,2020-05-18,3800,3800,3660,3720,79355300,10088,19044805
BMSR,2020-05-18,52,53,52,52,21800,10,0
BMTR,2020-05-18,202,204,190,191,23419500,1429,9314200
BNBA,2020-05-18,284,286,280,284,29300,10,-12000
BNBR,2020-05-18,50,50,50,50,86100,19,0
BNGA,2020-05-18,605,615,595,595,2026400,505,-19300
BNII,2020-05-18,140,141,139,140,133500,59,-26100
BNLI,2020-05-18,1255,1295,1255,1290,43208700,1509,-2849400
BOGA,2020-05-18,1435,1460,1425,1450,53373200,2008,-776400
BOLA,2020-05-18,151,161,148,148,20100,36,0
BOLT,2020-05-18,0,0,0,665,0,0,0
BOSS,2020-05-18,74,80,74,74,11380100,1466,-350000
BPFI,2020-05-18,0,0,0,1185,0,0,0
BPII,2020-05-18,0,0,0,10000,0,0,0
BPTR,2020-05-18,87,87,78,82,7700,16,0
BRAM,2020-05-18,0,0,0,4980,0,0,0
BRIS,2020-05-18,254,280,246,272,119266900,9576,-131900
BRMS,2020-05-18,50,50,50,50,206400,17,-120000
BRNA,2020-05-18,1055,1055,1055,1055,5000,1,-5000
BRPT,2020-05-18,1230,1260,1160,1170,44080900,8765,5163583
BSDE,2020-05-18,615,615,590,605,32969100,4449,11282590
BSIM,2020-05-18,0,0,0,480,0,0,0
BSIM-W3,2020-05-18,18,18,16,16,8000,0,0
BSSR,2020-05-18,1260,1345,1260,1325,600,4,0
BSWD,2020-05-18,0,0,0,1750,0,0,0
BTEK,2020-05-18,50,50,50,50,200,2,0
BTEL,2020-05-18,0,0,0,50,0,0,0
BTON,2020-05-18,145,146,145,146,8200,3,0
BTPN,2020-05-18,1840,1840,1760,1790,67900,40,0
BTPS,2020-05-18,2100,2230,2060,2230,23106900,6975,-637700
BUDI,2020-05-18,89,89,88,88,58400,22,4500
BUKK,2020-05-18,970,1045,920,1035,18200,21,0
BULL,2020-05-18,240,252,224,226,98527400,2240,-1823800
BUMI,2020-05-18,50,50,50,50,10780400,159,-129600
BUVA,2020-05-18,52,55,52,54,8700,11,0
BVIC,2020-05-18,63,69,59,63,773600,163,-30000
BWPT,2020-05-18,77,78,75,76,3155700,228,-42700
BYAN,2020-05-18,0,0,0,14500,0,0,0
CAKK,2020-05-18,50,50,50,50,1100,4,0
CAMP,2020-05-18,204,204,190,194,775100,201,0
CANI,2020-05-18,192,200,192,200,2000,5,0
CARE,2020-05-18,308,310,304,308,19238000,747,0
CARS,2020-05-18,50,50,50,50,1039700,12,0
CASA,2020-05-18,388,388,370,388,13600,10,6900
CASH,2020-05-18,440,450,434,434,5285500,437,0
CASS,2020-05-18,304,304,284,284,9100,11,0
CBMF,2020-05-18,99,110,99,102,451700,69,0
CCSI,2020-05-18,248,250,236,246,480700,49,0
CEKA,2020-05-18,1655,1705,1655,1690,395800,64,0
CENT,2020-05-18,54,54,53,53,478200,47,-200000
CFIN,2020-05-18,167,167,165,165,434100,43,300000
CINT,2020-05-18,260,270,260,260,100100,14,0
CITA,2020-05-18,1650,1650,1650,1650,200,2,0
CITY,2020-05-18,52,53,52,53,25200,8,0
CKRA,2020-05-18,0,0,0,76,0,0,0
CLAY,2020-05-18,1995,2100,1900,1900,2900,12,800
CLEO,2020-05-18,472,476,464,466,7501200,825,209300
CLPI,2020-05-18,660,660,655,655,10900,11,0
CMNP,2020-05-18,0,0,0,1400,0,0,0
CMPP,2020-05-18,0,0,0,184,0,0,0
CNKO,2020-05-18,50,50,50,50,200,1,0
CNTB,2020-05-18,0,0,0,250,0,0,0
CNTX,2020-05-18,0,0,0,260,0,0,0
COCO,2020-05-18,0,0,0,815,0,0,0
COWL,2020-05-18,0,0,0,50,0,0,0
CPIN,2020-05-18,5000,5025,4770,4810,7758400,5170,2547671
CPRI,2020-05-18,0,0,0,50,0,0,0
CPRO,2020-05-18,0,0,0,50,0,0,0
CSAP,2020-05-18,0,0,0,350,0,0,0
CSIS,2020-05-18,50,50,50,50,28600,4,0
CSMI,2020-05-18,176,177,173,177,175300,27,0
CSRA,2020-05-18,242,248,224,224,1467700,187,0
CTBN,2020-05-18,2450,2450,2450,2450,100,1,0
CTRA,2020-05-18,478,484,470,472,14745500,2180,5563200
CTTH,2020-05-18,50,50,50,50,900,3,0
DADA,2020-05-18,210,210,196,197,16540600,1193,0
DART,2020-05-18,0,0,0,278,0,0,0
DAYA,2020-05-18,600,600,600,600,100,1,0
DEAL,2020-05-18,89,100,89,96,3064000,385,826500
DEFI,2020-05-18,0,0,0,1820,0,0,0
DEWA,2020-05-18,50,50,50,50,400,3,0
DFAM,2020-05-18,0,0,0,380,0,0,0
DGIK,2020-05-18,0,0,0,50,0,0,0
DIGI,2020-05-18,0,0,0,1700,0,0,0
DILD,2020-05-18,220,220,208,220,35300,17,25500
DIVA,2020-05-18,680,680,645,645,358000,170,134800
DKFT,2020-05-18,92,92,89,92,634800,103,0
DLTA,2020-05-18,4090,4100,4000,4090,3500,14,0
DMAS,2020-05-18,129,134,129,130,31324000,2178,5387100
DMMX,2020-05-18,95,98,89,89,3791900,291,0
DMND,2020-05-18,950,950,930,950,6300,16,0
DNAR,2020-05-18,180,188,180,188,200,2,0
DNET,2020-05-18,3500,3530,3500,3530,300,3,0
DOID,2020-05-18,125,128,121,125,13849700,1051,432000
DPNS,2020-05-18,0,0,0,182,0,0,0
DPUM,2020-05-18,105,105,98,98,3500,11,0
DSFI,2020-05-18,68,76,68,73,160800,62,0
DSNG,2020-05-18,316,318,316,318,577300,17,0
DSSA,2020-05-18,0,0,0,21250,0,0,0
DUCK,2020-05-18,400,400,386,398,218800,35,-97900
DUTI,2020-05-18,0,0,0,4750,0,0,0
DVLA,2020-05-18,2170,2180,2150,2170,4400,13,-100
DWGL,2020-05-18,238,244,228,230,2100,11,0
DYAN,2020-05-18,50,50,50,50,6700,20,0
EAST,2020-05-18,50,52,50,50,994700,129,0
ECII,2020-05-18,650,655,650,655,2100,2,0
EKAD,2020-05-18,890,895,880,890,37900,50,0
ELSA,2020-05-18,206,210,202,206,35851700,1819,-453800
ELTY,2020-05-18,0,0,0,50,0,0,0
EMDE,2020-05-18,0,0,0,202,0,0,0
EMTK,2020-05-18,4100,4400,4100,4350,2600,9,0
ENRG,2020-05-18,50,50,50,50,27000,13,-9000
ENVY,2020-05-18,94,113,94,103,66311600,5034,4088800
EPMT,2020-05-18,1845,1845,1720,1720,46000,68,0
ERAA,2020-05-18,1130,1200,1130,1200,34819000,6022,6800
ERTX,2020-05-18,0,0,0,127,0,0,0
ESIP,2020-05-18,146,146,143,143,16000,7,0
ESSA,2020-05-18,145,148,136,138,717100,226,13600
ESTA,2020-05-18,83,90,83,83,381600,121,0
ESTI,2020-05-18,0,0,0,50,0,0,0
ETWA,2020-05-18,50,50,50,50,60000,6,0
EXCL,2020-05-18,2460,2570,2450,2510,19642400,6296,1746200
FAST,2020-05-18,990,1000,960,1000,9800,19,7000
FASW,2020-05-18,0,0,0,6850,0,0,0
FILM,2020-05-18,139,155,127,153,17830500,1515,177900
FINN,2020-05-18,0,0,0,50,0,0,0
FIRE,2020-05-18,137,143,131,131,8262700,735,21200
FISH,2020-05-18,0,0,0,2660,0,0,0
FITT,2020-05-18,54,56,53,55,7700,9,0
FMII,2020-05-18,0,0,0,680,0,0,0
FOOD,2020-05-18,88,90,85,85,32200,34,0
FORU,2020-05-18,85,85,81,81,300,2,0
FORZ,2020-05-18,50,50,50,50,100,1,0
FPNI,2020-05-18,82,83,77,83,107300,31,-52500
FREN,2020-05-18,100,103,97,100,249787100,9020,5685500
FUJI,2020-05-18,0,0,0,104,0,0,0
GAMA,2020-05-18,50,50,50,50,300,3,0
GDST,2020-05-18,52,54,51,52,426600,32,0
GDYR,2020-05-18,0,0,0,1495,0,0,0
GEMA,2020-05-18,0,0,0,352,0,0,0
GEMS,2020-05-18,0,0,0,2550,0,0,0
GGRM,2020-05-18,49275,51500,49275,49425,1584000,4670,61276
GGRP,2020-05-18,300,300,290,292,17600,14,700
GHON,2020-05-18,1350,1420,1285,1285,5200,7,0
GIAA,2020-05-18,216,232,216,228,49462700,4617,7024700
GJTL,2020-05-18,352,362,350,350,1675700,272,-3800
GLOB,2020-05-18,0,0,0,238,0,0,0
GLVA,2020-05-18,242,258,240,258,236900,39,-195500
GMFI,2020-05-18,77,78,75,75,2496400,230,0
GMTD,2020-05-18,17000,17000,17000,17000,500,2,400
GOLD,2020-05-18,180,181,180,181,800,3,-400
GOLL,2020-05-18,0,0,0,50,0,0,0
GOOD,2020-05-18,1265,1265,1200,1245,103200,67,0
GPRA,2020-05-18,50,50,50,50,7700,3,0
GREN,2020-05-18,0,0,0,328,0,0,0
GSMF,2020-05-18,0,0,0,113,0,0,0
GTBO,2020-05-18,76,80,70,79,64600,27,0
GWSA,2020-05-18,86,86,85,85,57100,6,0
GZCO,2020-05-18,50,50,50,50,200,2,0
HADE,2020-05-18,50,50,50,50,100,1,0
HDFA,2020-05-18,0,0,0,160,0,0,0
HDIT,2020-05-18,452,452,440,452,2300,11,0
HDTX,2020-05-18,0,0,0,120,0,0,0
HEAL,2020-05-18,2900,2990,2890,2900,3000100,270,980200
HELI,2020-05-18,190,190,190,190,100,1,0
HERO,2020-05-18,950,1000,900,940,12600,18,8800
HEXA,2020-05-18,2550,2580,2550,2550,5731200,115,326900
HITS,2020-05-18,530,535,515,535,11000,6,0
HKMU,2020-05-18,71,74,69,69,13893400,719,481700
HMSP,2020-05-18,1865,1890,1845,1865,66236200,6668,-13972050
HOKI,2020-05-18,670,680,665,675,17606500,987,106600
HOME,2020-05-18,0,0,0,50,0,0,0
HOTL,2020-05-18,75,79,74,79,5500,12,200
HRME,2020-05-18,0,0,0,230,0,0,0
HRTA,2020-05-18,238,238,216,228,118600,64,0
HRUM,2020-05-18,1240,1265,1230,1265,130900,102,3600
IATA,2020-05-18,50,50,50,50,700,1,0
IBFN,2020-05-18,0,0,0,320,0,0,0
IBST,2020-05-18,0,0,0,8200,0,0,0
ICBP,2020-05-18,9700,9825,9625,9725,3533300,2757,-126029
ICON,2020-05-18,54,55,54,55,1100,4,0
IDPR,2020-05-18,115,120,111,120,84400,39,0
IFII,2020-05-18,133,137,131,137,71800,18,0
IFSH,2020-05-18,280,280,280,280,4200,4,0
IGAR,2020-05-18,240,240,236,236,1700,3,0
IIKP,2020-05-18,0,0,0,50,0,0,0
IKAI,2020-05-18,50,50,50,50,200,2,0
IKAN,2020-05-18,340,346,330,332,1456500,305,0
IKBI,2020-05-18,0,0,0,212,0,0,0
IMAS,2020-05-18,480,500,478,490,154600,92,30600
IMJS,2020-05-18,126,127,120,124,318700,70,0
IMPC,2020-05-18,1080,1085,1080,1085,549700,21,0
INAF,2020-05-18,990,1000,990,1000,631800,295,11000
INAI,2020-05-18,346,364,346,364,300,3,0
INCF,2020-05-18,50,50,50,50,1900,4,0
INCI,2020-05-18,400,400,398,398,300,2,0
INCO,2020-05-18,2900,2950,2860,2900,3976600,1082,-99700
INDF,2020-05-18,6575,6650,6475,6500,7220700,4619,2814450
INDO,2020-05-18,70,79,70,75,16700,27,0
INDR,2020-05-18,2110,2200,2080,2200,16700,21,-14500
INDS,2020-05-18,0,0,0,1830,0,0,0
INDX,2020-05-18,50,50,50,50,300,3,0
INDY,2020-05-18,710,720,675,680,7465600,1521,5977600
INKP,2020-05-18,5200,5200,4960,5000,3311100,1849,-329244
INOV,2020-05-18,298,298,284,298,2800,4,0
INPC,2020-05-18,50,50,50,50,101100,5,0
INPP,2020-05-18,705,750,675,705,5300,15,0
INPS,2020-05-18,3570,3570,3320,3550,877400,82,700
INRU,2020-05-18,870,870,870,870,100,1,0
INTA,2020-05-18,278,278,278,278,100,1,0
INTD,2020-05-18,240,240,236,236,400,4,0
INTP,2020-05-18,10650,10800,10600,10800,3189600,2331,2028796
IPCC,2020-05-18,318,326,308,310,2630500,465,827800
IPCM,2020-05-18,179,181,170,171,16600,31,600
IPOL,2020-05-18,60,61,60,61,3300,4,0
IPTV,2020-05-18,396,396,390,392,11995800,14784,-635300
IRRA,2020-05-18,540,550,535,545,3698600,265,-161200
ISAT,2020-05-18,2040,2080,2010,2030,9332400,3392,-179600
ISSP,2020-05-18,122,127,120,122,1610700,224,58400
ITIC,2020-05-18,2000,2000,1860,1860,438300,339,-286300
ITMA,2020-05-18,0,0,0,410,0,0,0
ITMG,2020-05-18,7400,7800,7375,7725,1331900,2166,-16500
JAST,2020-05-18,151,151,151,151,232600,77,0
JAWA,2020-05-18,0,0,0,59,0,0,0
JAYA,2020-05-18,55,60,55,59,50300,27,0
JECC,2020-05-18,0,0,0,6950,0,0,0
JGLE,2020-05-18,50,50,50,50,200,2,200
JIHD,2020-05-18,456,456,456,456,100,1,0
JKON,2020-05-18,0,0,0,450,0,0,0
JKSW,2020-05-18,0,0,0,60,0,0,0
JMAS,2020-05-18,189,192,188,188,100000,17,0
JPFA,2020-05-18,895,910,890,900,26784400,2694,6305000
JRPT,2020-05-18,404,408,402,404,355900,78,-42300
JSKY,2020-05-18,82,90,82,87,2500300,238,37300
JSMR,2020-05-18,3530,3750,3520,3670,17120100,5836,3569904
JSPT,2020-05-18,1070,1070,1060,1060,400,4,0
JTPE,2020-05-18,735,740,730,730,142200,20,26600
KAEF,2020-05-18,1205,1230,1195,1220,2042900,1161,14900
KARW,2020-05-18,50,50,50,50,100,1,0
KAYU,2020-05-18,50,50,50,50,130000,19,0
KBAG,2020-05-18,294,294,282,294,24564200,3739,0
KBLI,2020-05-18,412,412,402,404,289200,87,0
KBLM,2020-05-18,276,340,272,276,138100,26,2900
KBLV,2020-05-18,0,0,0,332,0,0,0
KBRI,2020-05-18,0,0,0,50,0,0,0
KDSI,2020-05-18,755,755,700,700,4000,7,0
KEEN,2020-05-18,282,282,278,282,252500,37,67700
KEJU,2020-05-18,720,720,695,720,12300,27,0
KIAS,2020-05-18,50,50,50,50,50200,3,0
KICI,2020-05-18,0,0,0,214,0,0,0
KIJA,2020-05-18,133,135,132,135,877600,97,-57100
KINO,2020-05-18,2660,2710,2560,2650,5179500,1147,-1334800
KIOS,2020-05-18,210,210,210,210,200,1,0
KJEN,2020-05-18,0,0,0,1260,0,0,0
KKGI,2020-05-18,187,195,186,186,45400,17,0
KLBF,2020-05-18,1400,1400,1380,1400,17406600,2479,13571921
KMTR,2020-05-18,276,276,240,240,1300,8,0
KOBX,2020-05-18,85,90,83,84,286100,87,0
KOIN,2020-05-18,100,100,100,100,400,1,0
KONI,2020-05-18,0,0,0,428,0,0,0
KOPI,2020-05-18,535,545,535,545,22000,11,0
KOTA,2020-05-18,468,468,466,466,4003000,168,0
KPAL,2020-05-18,59,68,59,64,4681000,310,0
KPAS,2020-05-18,50,50,50,50,1010800,30,0
KPIG,2020-05-18,114,114,112,112,1578200,30,8720100
KRAH,2020-05-18,600,650,575,575,3400,8,0
KRAS,2020-05-18,165,191,165,176,20651700,1537,9661800
KREN,2020-05-18,93,93,87,87,4287100,282,644500
LAND,2020-05-18,204,210,190,190,252400,30,0
LAPD,2020-05-18,50,50,50,50,100,1,0
LCGP,2020-05-18,0,0,0,114,0,0,0
LCKM,2020-05-18,0,0,0,370,0,0,0
LEAD,2020-05-18,0,0,0,50,0,0,0
LIFE,2020-05-18,0,0,0,5125,0,0,0
LINK,2020-05-18,2630,2640,2510,2600,360400,670,38800
LION,2020-05-18,222,234,220,234,10500,5,0
LMAS,2020-05-18,50,50,50,50,1000,3,0
LMPI,2020-05-18,0,0,0,80,0,0,0
LMSH,2020-05-18,240,246,228,246,1400,3,0
LPCK,2020-05-18,625,645,610,620,202900,117,10800
LPGI,2020-05-18,3700,3700,3700,3700,1100,1,0
LPIN,2020-05-18,188,188,188,188,100,1,0
LPKR,2020-05-18,146,147,140,140,9037400,713,3658500
LPLI,2020-05-18,58,58,55,56,3500,3,0
LPPF,2020-05-18,1275,1415,1275,1380,39192700,9148,3898634
LPPS,2020-05-18,66,66,66,66,596500,7,0
LRNA,2020-05-18,0,0,0,148,0,0,0
LSIP,2020-05-18,725,740,710,725,10268300,1358,1206900
LTLS,2020-05-18,388,402,388,402,19700,8,0
LUCK,2020-05-18,320,320,294,294,1014200,154,0
MABA,2020-05-18,0,0,0,50,0,0,0
MAGP,2020-05-18,0,0,0,50,0,0,0
MAIN,2020-05-18,505,515,494,500,6120200,1031,796000
MAMI,2020-05-18,50,50,50,50,1500,8,0
MAMIP,2020-05-18,0,0,0,600,0,0,0
MAPA,2020-05-18,2240,2350,2160,2230,494900,280,-98500
MAPB,2020-05-18,1660,1660,1660,1660,100,1,0
MAPI,2020-05-18,700,700,685,700,13675700,1161,7875900
MARI,2020-05-18,0,0,0,134,0,0,0
MARK,2020-05-18,340,350,340,346,7287400,1530,850000
MASA,2020-05-18,388,390,388,390,30500,7,0
MAYA,2020-05-18,0,0,0,6500,0,0,0
MBAP,2020-05-18,1575,1575,1550,1575,7100,12,0
MBSS,2020-05-18,300,310,300,300,800900,114,0
MBTO,2020-05-18,59,60,56,56,10900,17,0
MCAS,2020-05-18,645,805,600,645,38070900,1763,-725400
MCOR,2020-05-18,115,116,111,114,2458300,136,0
MDIA,2020-05-18,0,0,0,50,0,0,0
MDKA,2020-05-18,1320,1395,1320,1395,128482400,8929,-35480300
MDKI,2020-05-18,119,130,119,130,11000,25,0
MDLN,2020-05-18,50,50,50,50,8907200,85,0
MDRN,2020-05-18,0,0,0,50,0,0,0
MEDC,2020-05-18,480,498,480,486,83767300,4544,310100
MEGA,2020-05-18,6200,6200,6100,6100,2800,8,0
MERK,2020-05-18,2100,2100,2000,2000,29300,31,-200
META,2020-05-18,89,90,88,90,401100,12,0
MFIN,2020-05-18,960,960,870,880,6100,7,600
MFMI,2020-05-18,484,492,482,490,10900,21,0
MGNA,2020-05-18,0,0,0,50,0,0,0
MGRO,2020-05-18,690,710,690,700,1719500,236,49100
MICE,2020-05-18,310,310,290,290,2800,7,0
MIDI,2020-05-18,1400,1400,1400,1400,299900,3,299800
MIKA,2020-05-18,2400,2590,2380,2450,10811900,2935,-3009900
MINA,2020-05-18,50,50,50,50,202500,10,-2100
MIRA,2020-05-18,0,0,0,50,0,0,0
MITI,2020-05-18,0,0,0,51,0,0,0
MKNT,2020-05-18,50,50,50,50,213100,10,0
MKPI,2020-05-18,0,0,0,15850,0,0,63100
MLBI,2020-05-18,9850,10025,9825,9850,21700,28,2100
MLIA,2020-05-18,498,500,494,496,8710200,319,-5500
MLPL,2020-05-18,51,51,50,50,1740900,34,0
MLPT,2020-05-18,406,410,406,408,10400,9,0
MMLP,2020-05-18,130,137,130,136,40800,12,0
MNCN,2020-05-18,955,955,900,900,64795500,11255,-20487100
MOLI,2020-05-18,0,0,0,1135,0,0,0
MPMX,2020-05-18,550,555,540,550,3866600,616,1841500
MPOW,2020-05-18,70,72,66,66,247200,44,0
MPPA,2020-05-18,109,112,106,109,789600,126,114300
MPRO,2020-05-18,0,0,0,925,0,0,0
MRAT,2020-05-18,125,125,120,120,7300,5,0
MREI,2020-05-18,6950,6950,6950,6950,100,1,0
MSIN,2020-05-18,300,310,298,310,100000,78,3100
MSKY,2020-05-18,1000,1000,1000,1000,1100,2,1100
MTDL,2020-05-18,1185,1235,1180,1190,327400,239,239900
MTFN,2020-05-18,0,0,0,50,0,0,0
MTLA,2020-05-18,386,386,386,386,200,1,0
MTPS,2020-05-18,149,178,148,152,153700,65,0
MTRA,2020-05-18,0,0,0,244,0,0,0
MTSM,2020-05-18,176,176,176,176,100,1,0
MTWI,2020-05-18,50,50,50,50,102300,2,0
MYOH,2020-05-18,990,1020,975,1020,18000,16,0
MYOR,2020-05-18,2150,2160,2080,2140,1679700,754,4359900
MYRX,2020-05-18,0,0,0,50,0,0,0
MYRXP,2020-05-18,0,0,0,50,0,0,0
MYTX,2020-05-18,50,51,50,50,10600,3,0
NASA,2020-05-18,210,210,196,196,11900,5,900
NATO,2020-05-18,595,650,555,555,4012200,2397,87300
NELY,2020-05-18,150,150,130,142,16900,38,-10000
NFCX,2020-05-18,1400,1400,1400,1400,5000,1,0
NICK,2020-05-18,334,334,334,334,100,1,0
NIKL,2020-05-18,402,418,402,410,886600,272,-17300
NIPS,2020-05-18,0,0,0,282,0,0,0
NIRO,2020-05-18,139,144,139,144,400,2,0
NISP,2020-05-18,705,705,700,705,3900,11,0
NOBU,2020-05-18,755,755,755,755,100,1,0
NRCA,2020-05-18,318,330,318,328,533800,62,0
NUSA,2020-05-18,50,50,50,50,1300,4,0
NZIA,2020-05-18,151,169,141,159,81100,58,0
OASA,2020-05-18,334,354,334,334,4300,4,0
OCAP,2020-05-18,0,0,0,198,0,0,0
OKAS,2020-05-18,70,81,70,77,4002400,292,0
OMRE,2020-05-18,0,0,0,340,0,0,0
OPMS,2020-05-18,89,90,89,89,165000,62,0
PADI,2020-05-18,50,50,50,50,500,5,0
PALM,2020-05-18,171,171,171,171,2700,4,0
PAMG,2020-05-18,72,80,69,69,14613700,1330,25000
PANI,2020-05-18,58,79,58,69,39800,59,0
PANR,2020-05-18,59,79,58,79,9515200,737,150000
PANS,2020-05-18,750,750,730,730,9000,12,0
PBID,2020-05-18,885,905,875,905,4700,6,-100
PBRX,2020-05-18,192,212,188,212,1723500,273,-1120400
PBSA,2020-05-18,0,0,0,750,0,0,0
PCAR,2020-05-18,216,220,216,220,600,5,0
PDES,2020-05-18,525,525,400,410,4000,27,0
PEGE,2020-05-18,176,176,172,172,1700,2,0
PEHA,2020-05-18,1035,1035,1000,1025,1200,8,0
PGAS,2020-05-18,810,840,800,835,97806100,6943,6094654
PGJO,2020-05-18,91,91,91,91,500,1,0
PGLI,2020-05-18,320,320,320,320,100,1,0
PICO,2020-05-18,153,185,153,173,204100,125,0
PJAA,2020-05-18,414,420,412,416,278100,39,0
PKPK,2020-05-18,0,0,0,50,0,0,0
PLAS,2020-05-18,0,0,0,50,0,0,0
PLIN,2020-05-18,2290,2290,2140,2190,2600,12,100
PMJS,2020-05-18,128,128,128,128,284800,7,0
PNBN,2020-05-18,690,695,665,680,1043100,187,98300
PNBS,2020-05-18,50,50,50,50,103700,10,0
PNIN,2020-05-18,775,780,765,765,116400,17,100700
PNLF,2020-05-18,162,164,157,162,13400700,1824,574200
PNSE,2020-05-18,0,0,0,555,0,0,0
POLA,2020-05-18,56,75,55,73,2344600,180,0
POLI,2020-05-18,1125,1145,1025,1090,5500,14,0
POLL,2020-05-18,9075,9250,8850,9075,309800,542,10600
POLU,2020-05-18,925,995,865,865,13300,24,0
POLY,2020-05-18,50,50,50,50,400,3,0
POOL,2020-05-18,50,50,50,50,200,1,0
PORT,2020-05-18,560,560,560,560,100,1,0
POSA,2020-05-18,50,50,50,50,1300,4,0
POWR,2020-05-18,590,600,570,585,1762900,316,937400
PPRE,2020-05-18,168,178,168,178,28850900,3560,157200
PPRO,2020-05-18,50,50,50,50,623600,120,-31000
PRAS,2020-05-18,157,160,157,160,200,2,0
PRDA,2020-05-18,3200,3280,3200,3200,15000,25,300
PRIM,2020-05-18,240,280,240,242,900,8,0
PSAB,2020-05-18,192,204,191,199,69699800,3117,-538900
PSDN,2020-05-18,118,118,118,118,400,3,0
PSGO,2020-05-18,95,105,95,105,12200,9,0
PSKT,2020-05-18,50,50,50,50,200,1,0
PSSI,2020-05-18,135,136,128,136,72600,20,0
PTBA,2020-05-18,1830,1910,1805,1900,45956600,8744,10538325
PTIS,2020-05-18,150,167,150,165,54300,32,0
PTPP,2020-05-18,615,625,605,610,14612000,2049,1567300
PTPW,2020-05-18,790,810,785,805,2768900,355,0
PTRO,2020-05-18,1240,1240,1195,1205,778700,369,0
PTSN,2020-05-18,155,163,155,159,1142700,159,440800
PTSP,2020-05-18,3630,3630,3620,3620,900,3,0
PUDP,2020-05-18,260,260,260,260,2200,2,0
PURA,2020-05-18,80,80,75,77,91897600,18797,-1000000
PURE,2020-05-18,97,97,92,92,2542700,231,0
PWON,2020-05-18,326,344,312,334,137551700,5567,76130900
PYFA,2020-05-18,316,370,314,370,1018200,216,0
PZZA,2020-05-18,695,715,680,700,60200,73,0
R-ABFII,2020-05-18,0,0,0,28600,0,0,0
RAJA,2020-05-18,90,93,89,93,4945200,455,0
RALS,2020-05-18,560,595,560,585,10526600,2456,588600
RANC,2020-05-18,0,0,0,350,0,0,0
RBMS,2020-05-18,50,50,50,50,29400,4,0
RDTX,2020-05-18,0,0,0,4980,0,0,0
REAL,2020-05-18,50,51,50,51,34917900,4791,-1690000
RELI,2020-05-18,286,288,286,288,2000,3,0
RICY,2020-05-18,95,101,95,100,17500,10,0
RIGS,2020-05-18,198,208,193,206,13400,14,0
RIMO,2020-05-18,0,0,0,50,0,0,0
RISE,2020-05-18,420,426,420,422,480100,183,0
RMBA,2020-05-18,256,272,240,262,199100,20,0
RODA,2020-05-18,50,51,50,50,19900,10,0
RONY,2020-05-18,216,240,216,218,52800,55,0
ROTI,2020-05-18,1220,1220,1200,1205,1094900,261,201000
RUIS,2020-05-18,175,175,175,175,25300,6,0
SAFE,2020-05-18,189,191,189,189,291000,62,0
SAME,2020-05-18,110,110,108,108,160400,33,70000
SAMF,2020-05-18,398,406,398,406,28200,16,0
SAPX,2020-05-18,1460,1460,1460,1460,200,2,0
SATU,2020-05-18,0,0,0,50,0,0,0
SBAT,2020-05-18,106,117,106,113,12890500,825,-88000
SCCO,2020-05-18,0,0,0,9225,0,0,0
SCMA,2020-05-18,800,840,800,835,31294800,2704,9332400
SCPI,2020-05-18,0,0,0,29000,0,0,0
SDMU,2020-05-18,0,0,0,50,0,0,0
SDPC,2020-05-18,94,95,94,95,17000,7,0
SDRA,2020-05-18,1000,1000,900,940,500,4,0
SFAN,2020-05-18,665,670,655,670,5300,12,0
SGRO,2020-05-18,2500,2500,2480,2500,15500,11,100
SHID,2020-05-18,0,0,0,3700,0,0,0
SHIP,2020-05-18,645,645,620,645,243300,63,0
SIDO,2020-05-18,1240,1240,1205,1210,2557700,1283,-166300
SILO,2020-05-18,5500,5600,5450,5500,47100,74,-35800
SIMA,2020-05-18,0,0,0,50,0,0,0
SIMP,2020-05-18,210,212,206,208,3181800,285,-142000
SINI,2020-05-18,0,0,0,1145,0,0,0
SIPD,2020-05-18,1200,1200,1120,1120,11500,6,0
SKBM,2020-05-18,272,334,268,334,8300,8,0
SKLT,2020-05-18,0,0,0,1610,0,0,0
SKRN,2020-05-18,500,545,500,545,233300,33,0
SKYB,2020-05-18,0,0,0,51,0,0,0
SLIS,2020-05-18,4960,5075,4960,5000,259200,60,0
SMAR,2020-05-18,2980,2980,2780,2800,6000,20,0
SMBR,2020-05-18,282,288,280,282,2866100,498,-2300
SMCB,2020-05-18,1035,1080,1000,1045,54200,67,0
SMDM,2020-05-18,81,84,81,84,13800,6,0
SMDR,2020-05-18,143,146,140,145,341800,35,0
SMGR,2020-05-18,8525,9375,8500,8600,8058900,5222,-1210906
SMKL,2020-05-18,180,187,180,187,130400,3,0
SMMA,2020-05-18,0,0,0,11600,0,0,0
SMMT,2020-05-18,77,81,75,81,30200,4,0
SMRA,2020-05-18,432,432,420,424,19286200,1844,4235700
SMRU,2020-05-18,0,0,0,50,0,0,0
SMSM,2020-05-18,1145,1160,1120,1120,1763300,665,104700
SOCI,2020-05-18,127,132,127,128,5241100,458,-59000
SONA,2020-05-18,0,0,0,5000,0,0,0
SOSS,2020-05-18,390,418,390,418,2400,6,0
SOTS,2020-05-18,0,0,0,195,0,0,0
SPMA,2020-05-18,278,280,260,268,24900,16,0
SPTO,2020-05-18,555,555,505,555,2600,18,900
SQMI,2020-05-18,180,204,180,195,7011200,780,0
SRAJ,2020-05-18,138,138,122,122,114500,26,0
SRIL,2020-05-18,148,150,147,147,10294200,1061,5005400
SRSN,2020-05-18,53,54,52,52,2547700,190,0
SRTG,2020-05-18,2880,2900,2860,2870,11800,27,0
SSIA,2020-05-18,288,288,282,286,5704700,351,1311700
SSMS,2020-05-18,910,925,900,925,277800,128,-101000
SSTM,2020-05-18,0,0,0,615,0,0,0
STAR,2020-05-18,138,138,138,138,20100,2,0
STTP,2020-05-18,0,0,0,10350,0,0,0
SUGI,2020-05-18,0,0,0,50,0,0,0
SULI,2020-05-18,0,0,0,50,0,0,0
SUPR,2020-05-18,0,0,0,4000,0,0,0
SURE,2020-05-18,2880,2880,2880,2880,2000,5,0
SWAT,2020-05-18,90,91,86,86,1298000,132,0
TALF,2020-05-18,288,294,288,294,200,2,0
TAMA,2020-05-18,139,152,137,137,346400,34,0
TAMU,2020-05-18,98,98,92,92,31000,17,30900
TARA,2020-05-18,0,0,0,198,0,0,0
TAXI,2020-05-18,0,0,0,50,0,0,0
TBIG,2020-05-18,1140,1140,1090,1095,10115400,2197,3504600
TBLA,2020-05-18,515,530,500,500,2619400,465,1949700
TBMS,2020-05-18,660,660,625,650,1900,10,0
TCID,2020-05-18,7725,8000,7725,8000,23600,10,1000
TCPI,2020-05-18,4840,4870,4520,4580,9715600,6085,546600
TDPM,2020-05-18,98,101,93,100,8014900,575,-3405700
TEBE,2020-05-18,0,0,0,1615,0,0,0
TELE,2020-05-18,108,111,103,106,31639300,2062,1793400
TFAS,2020-05-18,147,153,147,147,8800,6,0
TFCO,2020-05-18,434,498,402,470,14600,19,0
TGKA,2020-05-18,6150,6150,5725,5725,2100,8,0
TGRA,2020-05-18,63,69,63,66,3189700,328,0
TIFA,2020-05-18,195,195,195,195,500,1,0
TINS,2020-05-18,470,470,456,458,11054800,1289,7954800
TIRA,2020-05-18,276,276,276,276,100,1,0
TIRT,2020-05-18,52,52,52,52,20000,2,0
TKIM,2020-05-18,4340,4340,4100,4160,5503400,3934,3201254
TLKM,2020-05-18,3100,3220,3100,3220,108828800,12040,-24127600
TMAS,2020-05-18,93,93,88,91,267000,68,0
TMPO,2020-05-18,0,0,0,126,0,0,0
TNCA,2020-05-18,0,0,0,260,0,0,0
TOBA,2020-05-18,0,0,0,334,0,0,0
TOPS,2020-05-18,50,50,50,50,600,4,0
TOTL,2020-05-18,268,268,260,266,1551900,119,-40700
TOTO,2020-05-18,220,220,210,210,700,2,-300
TOWR,2020-05-18,860,900,860,890,77114300,6033,2049800
TPIA,2020-05-18,6550,6550,6275,6350,2247200,837,-379500
TPMA,2020-05-18,0,0,0,226,0,0,0
TRAM,2020-05-18,0,0,0,50,0,0,0
TRIL,2020-05-18,0,0,0,50,0,0,0
TRIM,2020-05-18,113,113,113,113,3400,3,0
TRIN,2020-05-18,242,258,242,250,10822400,629,0
TRIO,2020-05-18,0,0,0,426,0,0,0
TRIS,2020-05-18,238,238,238,238,1000,3,0
TRST,2020-05-18,0,0,0,350,0,0,0
TRUK,2020-05-18,99,99,99,99,102200,13,0
TRUS,2020-05-18,354,354,354,354,100,1,0
TSPC,2020-05-18,1180,1185,1160,1160,6800,15,2700
TUGU,2020-05-18,2770,2770,2670,2670,36400,44,-200
TURI,2020-05-18,1420,1420,1315,1315,3700,6,0
UCID,2020-05-18,1600,1720,1600,1625,5013400,553,1905400
ULTJ,2020-05-18,1490,1510,1460,1500,386900,232,-31100
UNIC,2020-05-18,0,0,0,3150,0,0,0
UNIT,2020-05-18,149,149,149,149,100,1,0
UNSP,2020-05-18,50,50,50,50,219500,27,0
UNTR,2020-05-18,14250,14500,13550,14150,9059800,7717,3395287
UNVR,2020-05-18,8800,8800,8325,8475,13193900,8394,-1535279
URBN,2020-05-18,1680,1680,1680,1680,4300,3,0
VICO,2020-05-18,90,90,84,84,104000,10,0
VINS,2020-05-18,115,115,105,110,12600,15,0
VIVA,2020-05-18,50,50,50,50,170700,8,0
VOKS,2020-05-18,258,268,256,256,64900,15,0
VRNA,2020-05-18,0,0,0,135,0,0,0
WAPO,2020-05-18,68,68,67,68,800,5,0
WEGE,2020-05-18,153,154,148,148,12529500,1392,4098000
WEHA,2020-05-18,75,77,75,77,764900,135,0
WICO,2020-05-18,560,560,560,560,100,1,100
WIIM,2020-05-18,118,121,112,114,3493700,339,0
WIKA,2020-05-18,910,925,900,910,10977100,2121,710400
WINS,2020-05-18,68,68,65,65,24700,10,0
WOMF,2020-05-18,183,190,183,187,14200,14,0
WOOD,2020-05-18,340,374,336,370,55717400,3075,-1367700
WOWS,2020-05-18,50,50,50,50,600,5,0
WSBP,2020-05-18,150,151,146,149,25981600,1651,7232000
WSKT,2020-05-18,580,585,570,575,9773900,1722,-1166400
WTON,2020-05-18,224,224,216,216,4558200,607,199200
XMJM,2020-05-18,0,0,0,1001,0,0,0
XPMI,2020-05-18,0,0,0,670,0,0,0
XSMU,2020-05-18,0,0,0,93,0,0,0
XSPI,2020-05-18,0,0,0,750,0,0,0
YELO,2020-05-18,50,50,50,50,10000,1,0
YPAS,2020-05-18,0,0,0,488,0,0,0
YULE,2020-05-18,186,186,186,186,1200,3,0
ZBRA,2020-05-18,50,50,50,50,100,1,0
ZINC,2020-05-18,142,147,133,134,152094700,1828,6169300
ZONE,2020-05-18,414,418,412,412,84900,38,0
