AALI,2020-05-19,6375,6625,6375,6525,4563900,2957,-854100
ABBA,2020-05-19,50,51,50,50,4642400,97,0
ABDA,2020-05-19,0,0,0,5500,0,0,0
ABMM,2020-05-19,1525,1525,1525,1525,100,1,0
ACES,2020-05-19,1305,1325,1300,1310,12327800,2999,1201600
ACST,2020-05-19,236,264,236,242,2980400,792,451600
ADES,2020-05-19,815,825,815,820,12200,22,0
ADHI,2020-05-19,484,496,482,492,8475600,1279,1008700
ADMF,2020-05-19,6325,6475,6325,6375,101600,133,-38700
ADMG,2020-05-19,81,82,78,80,25407800,322,20398200
ADRO,2020-05-19,1035,1065,990,1005,85706200,9597,3467273
AGAR,2020-05-19,434,460,434,460,233000,42,0
AGII,2020-05-19,402,404,400,404,269200,68,0
AGRO,2020-05-19,123,133,119,121,87438600,5661,202700
AGRS,2020-05-19,106,135,105,119,214200,71,0
AHAP,2020-05-19,50,50,50,50,200,2,0
AIMS,2020-05-19,0,0,0,180,0,0,0
AISA,2020-05-19,0,0,0,168,0,0,0
AKKU,2020-05-19,50,50,50,50,400,3,0
AKPI,2020-05-19,0,0,0,408,0,0,0
AKRA,2020-05-19,2250,2380,2250,2280,13706600,2777,1945200
AKSI,2020-05-19,107,107,90,103,102900,46,11700
ALDO,2020-05-19,428,428,426,428,240600,6,0
ALKA,2020-05-19,0,0,0,400,0,0,0
ALMI,2020-05-19,0,0,0,272,0,0,0
ALTO,2020-05-19,0,0,0,396,0,0,0
AMAG,2020-05-19,266,268,266,268,1000,3,0
AMAN,2020-05-19,202,202,200,200,200,2,0
AMAR,2020-05-19,164,170,164,167,45800,10,0
AMFG,2020-05-19,3050,3260,2880,3260,4300,13,0
AMIN,2020-05-19,0,0,0,400,0,0,0
AMOR,2020-05-19,1995,2020,1995,2020,1400,2,0
AMRT,2020-05-19,890,910,880,910,312500,96,0
ANDI,2020-05-19,50,50,50,50,29500,8,0
ANJT,2020-05-19,500,500,496,496,300,3,200
ANTM,2020-05-19,535,545,525,525,61033100,4433,-6001900
APEX,2020-05-19,100,100,93,93,173600,20,80600
APIC,2020-05-19,910,940,905,940,23443100,4376,-4490600
APII,2020-05-19,197,198,197,198,1200,4,0
APLI,2020-05-19,140,140,132,132,200,2,0
APLN,2020-05-19,99,101,96,97,14144800,805,6606900
ARGO,2020-05-19,0,0,0,825,0,0,0
ARII,2020-05-19,565,620,565,600,10300,4,0
ARKA,2020-05-19,0,0,0,1395,0,0,0
ARMY,2020-05-19,0,0,0,50,0,0,0
ARNA,2020-05-19,398,400,396,398,321900,50,316300
ARTA,2020-05-19,340,438,340,438,2100,2,0
ARTI,2020-05-19,0,0,0,50,0,0,0
ARTO,2020-05-19,850,900,850,895,36600,21,0
ASBI,2020-05-19,0,0,0,250,0,0,0
ASDM,2020-05-19,0,0,0,1115,0,0,0
ASGR,2020-05-19,695,700,695,700,46900,27,0
ASII,2020-05-19,4000,4040,3940,3950,77238800,10716,318200
ASJT,2020-05-19,102,108,100,100,52100,16,0
ASMI,2020-05-19,1085,1100,1085,1095,18000,19,0
ASPI,2020-05-19,436,448,436,444,7998500,341,0
ASRI,2020-05-19,107,111,106,108,7218500,455,1407600
ASRM,2020-05-19,1950,1950,1950,1950,100,1,100
ASSA,2020-05-19,334,340,330,336,14055100,475,-505900
ATIC,2020-05-19,630,730,600,700,3200,6,200
AUTO,2020-05-19,750,765,740,750,1905100,659,857600
AYLS,2020-05-19,50,50,50,50,34200,153,0
BABP,2020-05-19,50,50,50,50,1800,4,0
BABP-W3,2020-05-19,25,25,22,22,1000,0,0
BABP-W4,2020-05-19,6,9,6,6,6853300,0,0
BACA,2020-05-19,400,416,400,416,102600,19,9000
BAJA,2020-05-19,51,52,51,51,116900,20,0
BALI,2020-05-19,925,925,925,925,100,1,0
BAPA,2020-05-19,50,50,50,50,500,4,0
BAPI,2020-05-19,50,50,50,50,200,2,0
BATA,2020-05-19,590,595,575,590,5800,12,-100
BAYU,2020-05-19,975,975,975,975,10000,6,0
BBCA,2020-05-19,24200,24800,23400,23400,25700900,24167,13180000
BBHI,2020-05-19,60,70,60,69,221400,29,0
BBKP,2020-05-19,166,172,154,156,112692000,4363,19109800
BBLD,2020-05-19,420,420,420,420,100,1,-100
BBMD,2020-05-19,1095,1110,1085,1095,2464000,77,311700
BBNI,2020-05-19,3400,3580,3380,3520,77081500,12752,-15734885
BBRI,2020-05-19,2250,2420,2250,2370,531310100,49790,-72589127
BBRM,2020-05-19,0,0,0,50,0,0,0
BBSS,2020-05-19,163,174,160,160,24106900,1979,0
BBTN,2020-05-19,765,800,760,760,65551500,5655,1577100
BBYB,2020-05-19,220,220,220,220,130600,10,-125000
BCAP,2020-05-19,178,179,173,175,131000,45,-96300
BCIC,2020-05-19,0,0,0,450,0,0,0
BCIP,2020-05-19,50,50,50,50,1300,4,0
BDMN,2020-05-19,2350,2370,2320,2340,398600,238,0
BEEF,2020-05-19,220,222,210,212,938400,192,0
BEKS,2020-05-19,50,50,50,50,1900,3,0
BELL,2020-05-19,705,705,705,705,1200,2,0
BESS,2020-05-19,240,246,240,242,1422800,157,0
BEST,2020-05-19,96,104,96,100,33641600,1465,1813200
BFIN,2020-05-19,288,292,288,290,618700,104,548200
BGTG,2020-05-19,50,50,50,50,53500,12,0
BHAT,2020-05-19,364,370,364,370,119262100,2224,19900
BHIT,2020-05-19,50,50,50,50,57100,19,57100
BIKA,2020-05-19,0,0,0,198,0,0,0
BIMA,2020-05-19,50,50,50,50,200,2,0
BINA,2020-05-19,1000,1000,1000,1000,26600,11,0
BIPI,2020-05-19,50,50,50,50,4000,1,0
BIPP,2020-05-19,50,50,50,50,100,1,0
BIRD,2020-05-19,760,825,760,810,1327400,431,-114600
BISI,2020-05-19,890,890,870,880,18100,24,0
BJBR,2020-05-19,685,710,685,695,5360900,963,-226200
BJTM,2020-05-19,478,492,478,484,5815200,1408,278900
BKDP,2020-05-19,50,51,50,50,8000,10,0
BKSL,2020-05-19,50,50,50,50,135900,17,0
BKSW,2020-05-19,70,70,61,66,98100,25,0
BLTA,2020-05-19,50,50,50,50,200,2,0
BLTZ,2020-05-19,0,0,0,3250,0,0,0
BLUE,2020-05-19,492,498,492,496,123800,111,0
BMAS,2020-05-19,238,292,236,290,321900,89,0
BMRI,2020-05-19,3760,4000,3760,3860,99827500,13762,16264700
BMSR,2020-05-19,52,53,51,51,26000,11,0
BMTR,2020-05-19,195,199,186,188,20220900,1595,4128400
BNBA,2020-05-19,278,284,278,284,3500,6,0
BNBR,2020-05-19,50,50,50,50,12300,4,0
BNGA,2020-05-19,605,625,600,620,3227500,673,-410800
BNII,2020-05-19,142,144,140,144,243500,62,-6000
BNLI,2020-05-19,1300,1300,1260,1260,20597400,1302,-5949500
BOGA,2020-05-19,1450,1475,1445,1465,50878600,2481,-1601800
BOLA,2020-05-19,159,161,148,149,41200,46,0
BOLT,2020-05-19,0,0,0,665,0,0,0
BOSS,2020-05-19,70,81,70,76,12775400,1117,100000
BPFI,2020-05-19,0,0,0,1185,0,0,0
BPII,2020-05-19,0,0,0,10000,0,0,0
BPTR,2020-05-19,84,84,84,84,200,1,0
BRAM,2020-05-19,0,0,0,4980,0,0,0
BRIS,2020-05-19,276,330,272,288,399950600,26103,-1020500
BRMS,2020-05-19,50,50,50,50,14300,12,0
BRNA,2020-05-19,1075,1075,1075,1075,5000,1,-5000
BRPT,2020-05-19,1190,1215,1165,1170,30105400,4849,1689133
BSDE,2020-05-19,630,635,615,625,38041300,3739,10201543
BSIM,2020-05-19,460,480,460,468,16700,22,0
BSIM-W3,2020-05-19,15,17,14,14,2500,0,0
BSSR,2020-05-19,1325,1325,1290,1290,4100,15,0
BSWD,2020-05-19,0,0,0,1750,0,0,0
BTEK,2020-05-19,0,0,0,50,0,0,0
BTEL,2020-05-19,0,0,0,50,0,0,0
BTON,2020-05-19,146,160,146,154,35500,8,0
BTPN,2020-05-19,1815,1840,1790,1825,303300,69,400
BTPS,2020-05-19,2300,2430,2280,2410,50168300,12729,-12313900
BUDI,2020-05-19,89,90,88,89,75800,21,19800
BUKK,2020-05-19,1035,1075,965,1000,32900,62,0
BULL,2020-05-19,230,240,222,224,81973400,1494,11511700
BUMI,2020-05-19,50,50,50,50,2885500,135,18499600
BUVA,2020-05-19,53,54,53,54,1100,2,0
BVIC,2020-05-19,63,68,63,64,268600,53,100
BWPT,2020-05-19,79,82,77,78,23138900,2516,45000
BYAN,2020-05-19,14500,14500,14500,14500,100,1,100
CAKK,2020-05-19,50,50,50,50,1000,1,0
CAMP,2020-05-19,194,198,190,198,305400,122,20000
CANI,2020-05-19,0,0,0,200,0,0,0
CARE,2020-05-19,308,308,304,308,9405500,869,300700
CARS,2020-05-19,50,50,50,50,48900,10,0
CASA,2020-05-19,388,388,370,388,5516400,14,6900
CASH,2020-05-19,426,434,420,426,5046200,436,-100
CASS,2020-05-19,266,268,266,266,142300,22,-100000
CBMF,2020-05-19,102,119,102,117,1263200,173,0
CCSI,2020-05-19,246,248,238,244,351000,58,0
CEKA,2020-05-19,1690,1700,1690,1700,16900,25,0
CENT,2020-05-19,53,54,53,53,495200,46,-200000
CFIN,2020-05-19,166,170,165,168,1007400,39,-10800
CINT,2020-05-19,262,270,262,270,31900,5,0
CITA,2020-05-19,0,0,0,1650,0,0,0
CITY,2020-05-19,54,54,53,54,12600,6,0
CKRA,2020-05-19,0,0,0,76,0,0,0
CLAY,2020-05-19,1900,1900,1800,1800,1200,4,500
CLEO,2020-05-19,466,472,462,464,6818700,860,253400
CLPI,2020-05-19,655,655,655,655,300,3,0
CMNP,2020-05-19,0,0,0,1400,0,0,0
CMPP,2020-05-19,0,0,0,184,0,0,0
CNKO,2020-05-19,50,50,50,50,200,1,0
CNTB,2020-05-19,0,0,0,250,0,0,0
CNTX,2020-05-19,0,0,0,260,0,0,0
COCO,2020-05-19,800,800,800,800,500,2,400
COWL,2020-05-19,0,0,0,50,0,0,0
CPIN,2020-05-19,4900,5150,4900,4910,12341600,5526,-1945894
CPRI,2020-05-19,50,50,50,50,1000,2,0
CPRO,2020-05-19,50,50,50,50,23900,7,0
CSAP,2020-05-19,350,350,350,350,82400,1,-82400
CSIS,2020-05-19,50,50,50,50,1100,5,0
CSMI,2020-05-19,177,179,177,179,148900,24,0
CSRA,2020-05-19,224,252,210,250,2306600,321,0
CTBN,2020-05-19,0,0,0,2450,0,0,0
CTRA,2020-05-19,478,496,478,494,30855800,3089,9291700
CTTH,2020-05-19,50,50,50,50,7100,3,0
DADA,2020-05-19,197,202,197,198,17311700,1690,0
DART,2020-05-19,0,0,0,278,0,0,0
DAYA,2020-05-19,0,0,0,600,0,0,0
DEAL,2020-05-19,90,108,90,95,5889300,831,0
DEFI,2020-05-19,1820,1825,1820,1820,7800,5,0
DEWA,2020-05-19,50,50,50,50,300,3,0
DFAM,2020-05-19,380,390,380,390,32900,10,0
DGIK,2020-05-19,0,0,0,50,0,0,0
DIGI,2020-05-19,0,0,0,1700,0,0,0
DILD,2020-05-19,218,228,218,228,236400,28,2200
DIVA,2020-05-19,640,795,620,640,588200,206,28000
DKFT,2020-05-19,92,94,92,93,1171900,147,0
DLTA,2020-05-19,4100,4110,4090,4090,8700,14,0
DMAS,2020-05-19,132,141,132,139,118150600,5502,14570500
DMMX,2020-05-19,83,89,83,83,7140800,586,0
DMND,2020-05-19,940,980,930,955,17200,27,600
DNAR,2020-05-19,175,175,175,175,100,1,0
DNET,2020-05-19,3430,3530,3430,3530,600,4,0
DOID,2020-05-19,127,131,126,128,25907800,937,-303800
DPNS,2020-05-19,210,210,210,210,100,1,0
DPUM,2020-05-19,98,102,92,92,17300,12,0
DSFI,2020-05-19,68,74,68,71,128400,67,0
DSNG,2020-05-19,318,320,316,316,630400,35,0
DSSA,2020-05-19,0,0,0,21250,0,0,0
DUCK,2020-05-19,398,406,392,404,18600,23,0
DUTI,2020-05-19,0,0,0,4750,0,0,0
DVLA,2020-05-19,2150,2170,2140,2170,14900,18,0
DWGL,2020-05-19,244,244,214,230,5500,12,0
DYAN,2020-05-19,50,50,50,50,3400,4,0
EAST,2020-05-19,50,67,50,52,8343300,740,-39400
ECII,2020-05-19,650,655,650,655,10100,6,0
EKAD,2020-05-19,895,910,890,900,81300,67,0
ELSA,2020-05-19,212,214,206,206,38181400,2008,420900
ELTY,2020-05-19,50,50,50,50,400,4,0
EMDE,2020-05-19,0,0,0,202,0,0,0
EMTK,2020-05-19,4300,4390,4300,4370,500,4,0
ENRG,2020-05-19,50,50,50,50,1061500,44,0
ENVY,2020-05-19,96,111,96,101,37372600,2488,8068700
EPMT,2020-05-19,1755,1760,1680,1755,12900,17,0
ERAA,2020-05-19,1210,1240,1160,1170,28715200,6839,-1329300
ERTX,2020-05-19,126,126,121,121,600,5,0
ESIP,2020-05-19,143,160,140,159,2051500,196,0
ESSA,2020-05-19,140,144,139,142,673400,189,13600
ESTA,2020-05-19,83,112,82,112,7938100,944,5000
ESTI,2020-05-19,0,0,0,50,0,0,0
ETWA,2020-05-19,50,50,50,50,100200,7,0
EXCL,2020-05-19,2560,2580,2420,2480,22573900,5084,527200
FAST,2020-05-19,1000,1060,1000,1010,103700,16,63900
FASW,2020-05-19,0,0,0,6850,0,0,0
FILM,2020-05-19,160,160,148,154,7865600,1990,-12300
FINN,2020-05-19,0,0,0,50,0,0,0
FIRE,2020-05-19,130,130,122,122,1606200,297,11500
FISH,2020-05-19,2750,2750,2750,2750,100,1,0
FITT,2020-05-19,55,55,55,55,100,1,0
FMII,2020-05-19,0,0,0,680,0,0,0
FOOD,2020-05-19,85,88,84,85,267600,45,0
FORU,2020-05-19,0,0,0,81,0,0,0
FORZ,2020-05-19,50,50,50,50,100,1,0
FPNI,2020-05-19,83,84,81,83,326100,73,-238600
FREN,2020-05-19,101,104,98,99,69786300,2722,1360200
FUJI,2020-05-19,104,104,104,104,100,1,0
GAMA,2020-05-19,0,0,0,50,0,0,0
GDST,2020-05-19,51,52,51,51,226000,20,0
GDYR,2020-05-19,1495,1495,1495,1495,200,1,0
GEMA,2020-05-19,0,0,0,352,0,0,0
GEMS,2020-05-19,0,0,0,2550,0,0,0
GGRM,2020-05-19,49600,51000,48500,49300,1049100,3414,317971
GGRP,2020-05-19,290,292,276,290,33500,18,2200
GHON,2020-05-19,1320,1320,1320,1320,1900,3,0
GIAA,2020-05-19,232,238,220,222,36781800,3294,2199000
GJTL,2020-05-19,356,388,346,382,18290100,2334,1679900
GLOB,2020-05-19,260,260,250,250,1100,2,0
GLVA,2020-05-19,252,258,242,258,158900,14,-156000
GMFI,2020-05-19,78,79,76,77,1371200,179,0
GMTD,2020-05-19,0,0,0,17000,0,0,0
GOLD,2020-05-19,0,0,0,181,0,0,0
GOLL,2020-05-19,0,0,0,50,0,0,0
GOOD,2020-05-19,1260,1260,1230,1235,98100,65,0
GPRA,2020-05-19,50,50,50,50,100,1,0
GREN,2020-05-19,0,0,0,328,0,0,0
GSMF,2020-05-19,0,0,0,113,0,0,0
GTBO,2020-05-19,79,80,75,75,7700,13,0
GWSA,2020-05-19,85,87,84,86,11500,9,0
GZCO,2020-05-19,50,50,50,50,1200,3,0
HADE,2020-05-19,50,50,50,50,100,1,0
HDFA,2020-05-19,0,0,0,160,0,0,0
HDIT,2020-05-19,440,440,440,440,1000,3,0
HDTX,2020-05-19,0,0,0,120,0,0,0
HEAL,2020-05-19,2950,3000,2910,2990,3176400,266,2324700
HELI,2020-05-19,180,180,178,178,500,2,0
HERO,2020-05-19,995,995,930,930,1300,6,700
HEXA,2020-05-19,2550,2640,2550,2630,96200,53,-900
HITS,2020-05-19,535,535,535,535,10200,2,0
HKMU,2020-05-19,70,74,68,70,15813200,740,0
HMSP,2020-05-19,1875,1935,1830,1835,64559900,8604,-19884773
HOKI,2020-05-19,675,695,675,680,39214300,1830,-6023300
HOME,2020-05-19,0,0,0,50,0,0,0
HOTL,2020-05-19,75,75,74,74,9100,14,1500
HRME,2020-05-19,214,214,214,214,164400,95,0
HRTA,2020-05-19,224,248,224,240,264700,156,1100
HRUM,2020-05-19,1275,1295,1265,1270,54700,43,0
IATA,2020-05-19,50,50,50,50,407100,4,0
IBFN,2020-05-19,0,0,0,320,0,0,0
IBST,2020-05-19,0,0,0,8200,0,0,0
ICBP,2020-05-19,9800,9950,9800,9900,6299300,3162,-18748
ICON,2020-05-19,55,55,55,55,100,1,0
IDPR,2020-05-19,120,123,112,112,2798900,107,2139200
IFII,2020-05-19,132,134,130,134,176100,25,0
IFSH,2020-05-19,0,0,0,280,0,0,0
IGAR,2020-05-19,240,240,228,230,287100,24,0
IIKP,2020-05-19,0,0,0,50,0,0,0
IKAI,2020-05-19,50,50,50,50,28700,10,0
IKAN,2020-05-19,334,334,326,326,699700,105,0
IKBI,2020-05-19,210,210,202,204,60700,12,0
IMAS,2020-05-19,498,505,496,498,605800,136,-2600
IMJS,2020-05-19,129,129,124,124,839600,91,0
IMPC,2020-05-19,1085,1090,1085,1090,705700,25,0
INAF,2020-05-19,1010,1025,985,985,1629900,623,17700
INAI,2020-05-19,346,346,346,346,200,2,0
INCF,2020-05-19,50,50,50,50,100,1,0
INCI,2020-05-19,374,378,372,374,12700,7,0
INCO,2020-05-19,2980,3050,2930,2950,11335800,2728,-3424430
INDF,2020-05-19,6575,6750,6550,6750,7364000,4317,-610760
INDO,2020-05-19,70,79,70,76,56900,36,0
INDR,2020-05-19,2200,2200,2080,2160,9000,33,100
INDS,2020-05-19,0,0,0,1830,0,0,0
INDX,2020-05-19,50,50,50,50,200,2,0
INDY,2020-05-19,705,710,685,690,4418800,1123,754100
INKP,2020-05-19,5050,5225,4970,5000,3859100,2289,272533
INOV,2020-05-19,310,310,306,306,200,2,0
INPC,2020-05-19,50,50,50,50,185600,19,0
INPP,2020-05-19,705,740,675,715,8100,18,0
INPS,2020-05-19,3550,3550,3340,3450,625700,41,2600
INRU,2020-05-19,870,870,870,870,100,1,0
INTA,2020-05-19,270,270,270,270,1200,2,0
INTD,2020-05-19,248,248,248,248,100,1,0
INTP,2020-05-19,11025,11125,10625,10700,1734000,2903,-37145
IPCC,2020-05-19,320,332,310,312,3665200,681,0
IPCM,2020-05-19,174,190,171,178,46000,32,0
IPOL,2020-05-19,62,62,60,61,151800,17,0
IPTV,2020-05-19,392,394,376,386,13610500,12398,-1858500
IRRA,2020-05-19,545,555,540,550,3888500,295,-15000
ISAT,2020-05-19,2060,2090,2000,2000,5322900,2016,-439700
ISSP,2020-05-19,123,125,118,118,4759700,529,2313600
ITIC,2020-05-19,1860,2270,1730,1910,1865600,2584,-92100
ITMA,2020-05-19,0,0,0,410,0,0,0
ITMG,2020-05-19,7775,7950,7775,7850,1368700,1700,371700
JAST,2020-05-19,141,141,141,141,930800,81,-400000
JAWA,2020-05-19,59,59,59,59,5600,4,0
JAYA,2020-05-19,55,62,55,56,104000,24,0
JECC,2020-05-19,0,0,0,6950,0,0,0
JGLE,2020-05-19,50,50,50,50,40200,3,0
JIHD,2020-05-19,450,450,450,450,300,1,300
JKON,2020-05-19,0,0,0,450,0,0,0
JKSW,2020-05-19,0,0,0,60,0,0,0
JMAS,2020-05-19,175,176,175,175,25600,15,0
JPFA,2020-05-19,910,920,895,900,30657200,4032,2357000
JRPT,2020-05-19,420,422,400,404,790900,210,-204700
JSKY,2020-05-19,82,89,82,86,1774000,222,42300
JSMR,2020-05-19,3770,3800,3680,3700,15083700,4869,7857629
JSPT,2020-05-19,0,0,0,1060,0,0,0
JTPE,2020-05-19,730,735,720,725,151500,20,28900
KAEF,2020-05-19,1240,1250,1215,1215,3843100,1872,-36900
KARW,2020-05-19,50,50,50,50,4700,42,0
KAYU,2020-05-19,50,50,50,50,35900,17,0
KBAG,2020-05-19,294,300,286,296,21206400,2978,0
KBLI,2020-05-19,404,414,400,400,682000,130,82900
KBLM,2020-05-19,290,328,290,300,47600,43,9700
KBLV,2020-05-19,330,330,330,330,100,1,0
KBRI,2020-05-19,0,0,0,50,0,0,0
KDSI,2020-05-19,715,740,715,740,2000,6,0
KEEN,2020-05-19,282,282,264,270,2208300,90,25900
KEJU,2020-05-19,720,720,705,710,3100,10,0
KIAS,2020-05-19,50,50,50,50,5100,3,0
KICI,2020-05-19,200,200,200,200,200,2,0
KIJA,2020-05-19,136,140,135,136,659400,118,0
KINO,2020-05-19,2650,2800,2630,2650,2336200,866,-506100
KIOS,2020-05-19,230,230,196,196,3700,7,0
KJEN,2020-05-19,0,0,0,1260,0,0,0
KKGI,2020-05-19,195,195,173,194,22300,13,0
KLBF,2020-05-19,1400,1405,1380,1390,38331600,5778,19330926
KMTR,2020-05-19,226,240,226,228,30400,9,0
KOBX,2020-05-19,85,87,82,85,269600,88,0
KOIN,2020-05-19,0,0,0,100,0,0,0
KONI,2020-05-19,0,0,0,428,0,0,0
KOPI,2020-05-19,550,550,550,550,47500,17,0
KOTA,2020-05-19,436,505,434,500,4836000,339,0
KPAL,2020-05-19,60,65,60,65,1947500,113,0
KPAS,2020-05-19,50,50,50,50,11500,7,0
KPIG,2020-05-19,113,113,112,113,336900,32,-219900
KRAH,2020-05-19,535,535,535,535,1200,3,0
KRAS,2020-05-19,176,184,176,179,5185100,511,782100
KREN,2020-05-19,81,81,81,81,2793000,180,-248800
LAND,2020-05-19,180,256,177,256,727000,89,0
LAPD,2020-05-19,0,0,0,50,0,0,0
LCGP,2020-05-19,0,0,0,114,0,0,0
LCKM,2020-05-19,0,0,0,370,0,0,0
LEAD,2020-05-19,50,50,50,50,100,1,0
LIFE,2020-05-19,0,0,0,5125,0,0,0
LINK,2020-05-19,2610,2720,2600,2670,852700,346,112300
LION,2020-05-19,228,228,228,228,20000,8,0
LMAS,2020-05-19,50,50,50,50,41500,4,0
LMPI,2020-05-19,80,90,80,85,17600,11,0
LMSH,2020-05-19,230,230,230,230,100,1,0
LPCK,2020-05-19,640,665,625,640,854300,164,0
LPGI,2020-05-19,0,0,0,3700,0,0,0
LPIN,2020-05-19,178,189,178,189,2500,3,0
LPKR,2020-05-19,145,147,141,143,22423700,1067,-7428900
LPLI,2020-05-19,55,56,55,56,200,2,0
LPPF,2020-05-19,1410,1450,1320,1330,27501200,7229,5226000
LPPS,2020-05-19,69,76,69,76,5300,8,0
LRNA,2020-05-19,138,148,138,148,10200,4,0
LSIP,2020-05-19,745,760,735,745,18833900,2056,119500
LTLS,2020-05-19,400,404,392,392,8600,15,0
LUCK,2020-05-19,298,308,282,292,411600,196,0
MABA,2020-05-19,0,0,0,50,0,0,0
MAGP,2020-05-19,50,50,50,50,5100,3,0
MAIN,2020-05-19,510,540,505,520,17826300,2490,6256500
MAMI,2020-05-19,50,50,50,50,2500,5,0
MAMIP,2020-05-19,0,0,0,600,0,0,0
MAPA,2020-05-19,2290,2320,2240,2250,395000,197,194500
MAPB,2020-05-19,1660,1660,1660,1660,100,1,0
MAPI,2020-05-19,705,725,705,715,34189100,1570,4942400
MARI,2020-05-19,134,134,125,132,287200,75,0
MARK,2020-05-19,346,372,346,372,11656100,1109,-790400
MASA,2020-05-19,390,392,390,392,1000,3,0
MAYA,2020-05-19,0,0,0,6500,0,0,0
MBAP,2020-05-19,1595,1595,1575,1580,25100,19,0
MBSS,2020-05-19,302,304,298,302,545700,102,0
MBTO,2020-05-19,65,65,53,54,226800,20,25000
MCAS,2020-05-19,700,775,645,660,4359800,1202,-75600
MCOR,2020-05-19,114,116,114,115,2430100,125,0
MDIA,2020-05-19,0,0,0,50,0,0,0
MDKA,2020-05-19,1400,1400,1340,1345,73429100,4306,-334400
MDKI,2020-05-19,121,140,121,128,17100,45,0
MDLN,2020-05-19,50,50,50,50,4482300,124,-250000
MDRN,2020-05-19,50,50,50,50,100100,2,0
MEDC,2020-05-19,500,505,482,482,65283300,3811,36500
MEGA,2020-05-19,6100,6100,6100,6100,6900,9,0
MERK,2020-05-19,2000,2190,2000,2150,15400,31,-200
META,2020-05-19,90,92,89,92,83700,20,0
MFIN,2020-05-19,870,870,870,870,32000,16,26300
MFMI,2020-05-19,490,500,482,500,500,3,0
MGNA,2020-05-19,0,0,0,50,0,0,0
MGRO,2020-05-19,695,725,690,700,2013900,243,64800
MICE,2020-05-19,290,318,290,316,9200,9,0
MIDI,2020-05-19,1400,1400,1400,1400,10000,1,0
MIKA,2020-05-19,2470,2480,2300,2320,2908500,2279,-866300
MINA,2020-05-19,50,50,50,50,7100,12,-2100
MIRA,2020-05-19,50,50,50,50,100,1,0
MITI,2020-05-19,0,0,0,51,0,0,0
MKNT,2020-05-19,50,50,50,50,100,1,0
MKPI,2020-05-19,0,0,0,15850,0,0,0
MLBI,2020-05-19,9850,9925,9825,9850,51600,30,-100
MLIA,2020-05-19,498,500,494,496,7735800,278,-33900
MLPL,2020-05-19,50,51,50,51,1410800,44,0
MLPT,2020-05-19,420,420,414,416,48000,17,0
MMLP,2020-05-19,137,137,135,135,44200,20,0
MNCN,2020-05-19,915,915,870,875,68563900,8877,-8785600
MOLI,2020-05-19,0,0,0,1135,0,0,0
MPMX,2020-05-19,570,590,560,570,5826100,798,1096200
MPOW,2020-05-19,63,65,62,62,146600,43,0
MPPA,2020-05-19,109,114,108,110,265300,83,0
MPRO,2020-05-19,925,925,925,925,100,1,0
MRAT,2020-05-19,124,125,120,120,91500,18,600
MREI,2020-05-19,0,0,0,6950,0,0,0
MSIN,2020-05-19,300,312,296,312,130800,59,5100
MSKY,2020-05-19,0,0,0,1000,0,0,0
MTDL,2020-05-19,1190,1230,1185,1200,983800,249,263900
MTFN,2020-05-19,0,0,0,50,0,0,0
MTLA,2020-05-19,0,0,0,386,0,0,0
MTPS,2020-05-19,144,166,144,159,60300,48,0
MTRA,2020-05-19,0,0,0,244,0,0,0
MTSM,2020-05-19,0,0,0,176,0,0,0
MTWI,2020-05-19,50,53,50,50,534800,22,0
MYOH,2020-05-19,1020,1020,1005,1015,20700,17,0
MYOR,2020-05-19,2170,2180,2120,2140,2074100,950,1082500
MYRX,2020-05-19,0,0,0,50,0,0,0
MYRXP,2020-05-19,0,0,0,50,0,0,0
MYTX,2020-05-19,53,53,53,53,200,2,0
NASA,2020-05-19,206,262,183,195,8700,15,500
NATO,2020-05-19,580,645,520,645,1097000,586,-136300
NELY,2020-05-19,0,0,0,142,0,0,0
NFCX,2020-05-19,0,0,0,1400,0,0,0
NICK,2020-05-19,0,0,0,334,0,0,0
NIKL,2020-05-19,418,420,412,414,652800,247,-45400
NIPS,2020-05-19,0,0,0,282,0,0,0
NIRO,2020-05-19,144,144,144,144,34660000,17,-59400
NISP,2020-05-19,710,710,685,685,240700,37,0
NOBU,2020-05-19,0,0,0,755,0,0,0
NRCA,2020-05-19,328,338,328,332,136700,52,0
NUSA,2020-05-19,50,50,50,50,200,2,0
NZIA,2020-05-19,151,151,148,148,54500,42,0
OASA,2020-05-19,380,380,334,380,500,5,0
OCAP,2020-05-19,198,208,185,185,20200,7,0
OKAS,2020-05-19,75,85,75,80,5783700,270,0
OMRE,2020-05-19,0,0,0,340,0,0,0
OPMS,2020-05-19,89,90,89,89,281700,41,0
PADI,2020-05-19,50,50,50,50,1900,6,0
PALM,2020-05-19,172,200,172,198,45300,21,21600
PAMG,2020-05-19,67,71,66,66,2851700,359,0
PANI,2020-05-19,65,74,65,74,8800,10,0
PANR,2020-05-19,90,97,75,78,22759300,1688,-67300
PANS,2020-05-19,750,750,720,735,261400,42,198500
PBID,2020-05-19,905,910,900,905,4800,6,0
PBRX,2020-05-19,212,220,206,220,1210300,211,-330000
PBSA,2020-05-19,0,0,0,750,0,0,0
PCAR,2020-05-19,206,220,206,206,900,6,0
PDES,2020-05-19,410,428,382,410,2300,10,-200
PEGE,2020-05-19,0,0,0,172,0,0,0
PEHA,2020-05-19,1025,1025,985,1000,133000,59,0
PGAS,2020-05-19,850,860,835,840,117706600,7344,-1369492
PGJO,2020-05-19,93,93,93,93,200,1,0
PGLI,2020-05-19,314,314,298,298,400,3,0
PICO,2020-05-19,176,176,161,165,182500,55,0
PJAA,2020-05-19,420,428,414,420,147400,38,0
PKPK,2020-05-19,50,50,50,50,100,1,0
PLAS,2020-05-19,0,0,0,50,0,0,0
PLIN,2020-05-19,2190,2190,2090,2150,5700,14,-1200
PMJS,2020-05-19,128,131,127,127,23400,13,0
PNBN,2020-05-19,695,705,685,685,1813200,266,403400
PNBS,2020-05-19,50,50,50,50,11000,4,0
PNIN,2020-05-19,795,800,785,785,51300,16,-12200
PNLF,2020-05-19,165,168,163,163,11120300,1003,3642100
PNSE,2020-05-19,0,0,0,555,0,0,0
POLA,2020-05-19,73,80,68,73,1681200,838,0
POLI,2020-05-19,1125,1130,1015,1090,6300,24,0
POLL,2020-05-19,9100,10000,9100,9375,330800,665,22400
POLU,2020-05-19,805,805,805,805,900,6,0
POLY,2020-05-19,50,50,50,50,200,1,0
POOL,2020-05-19,50,50,50,50,2600,2,0
PORT,2020-05-19,0,0,0,560,0,0,0
POSA,2020-05-19,50,50,50,50,300,2,0
POWR,2020-05-19,595,595,570,575,1570300,561,1262100
PPRE,2020-05-19,179,183,171,183,22787700,2205,1162000
PPRO,2020-05-19,50,50,50,50,5478500,181,4851800
PRAS,2020-05-19,168,168,168,168,100,1,0
PRDA,2020-05-19,3200,3200,3200,3200,30900,7,-28900
PRIM,2020-05-19,244,244,240,242,11100,13,0
PSAB,2020-05-19,200,202,190,190,30250300,2002,29715600
PSDN,2020-05-19,116,116,110,113,2100,6,0
PSGO,2020-05-19,105,105,105,105,12400,6,0
PSKT,2020-05-19,0,0,0,50,0,0,0
PSSI,2020-05-19,136,141,133,140,180500,33,0
PTBA,2020-05-19,1935,1985,1910,1915,45276000,9008,7281133
PTIS,2020-05-19,164,165,164,165,6000,5,0
PTPP,2020-05-19,625,655,625,640,37965100,4003,-995900
PTPW,2020-05-19,805,820,800,810,2854600,470,0
PTRO,2020-05-19,1215,1250,1215,1215,526200,230,-1300
PTSN,2020-05-19,159,165,158,160,1126100,151,520100
PTSP,2020-05-19,0,0,0,3620,0,0,0
PUDP,2020-05-19,242,242,242,242,600,5,0
PURA,2020-05-19,77,80,74,76,42253700,28155,-255000
PURE,2020-05-19,93,96,92,93,1085600,243,0
PWON,2020-05-19,342,352,334,342,87819300,4925,30629885
PYFA,2020-05-19,372,462,360,390,3177100,620,0
PZZA,2020-05-19,705,705,675,690,728600,248,37800
R-ABFII,2020-05-19,0,0,0,28600,0,0,0
RAJA,2020-05-19,94,96,90,92,3517100,427,-2000
RALS,2020-05-19,600,625,595,605,18337800,1612,4322800
RANC,2020-05-19,344,354,344,354,90600,5,0
RBMS,2020-05-19,50,50,50,50,37300,8,0
RDTX,2020-05-19,0,0,0,4980,0,0,0
REAL,2020-05-19,51,55,50,55,122925400,7665,6690000
RELI,2020-05-19,0,0,0,288,0,0,0
RICY,2020-05-19,100,100,94,97,164300,38,-30200
RIGS,2020-05-19,202,204,202,204,200,2,0
RIMO,2020-05-19,0,0,0,50,0,0,0
RISE,2020-05-19,422,424,420,422,411300,125,0
RMBA,2020-05-19,278,278,256,256,22500,7,0
RODA,2020-05-19,50,50,50,50,65400,6,0
RONY,2020-05-19,206,224,204,204,114500,52,0
ROTI,2020-05-19,1205,1240,1200,1225,3341300,384,872800
RUIS,2020-05-19,176,180,173,173,6000,10,0
SAFE,2020-05-19,189,190,188,189,289200,58,0
SAME,2020-05-19,101,102,101,101,11064700,28,0
SAMF,2020-05-19,404,412,404,412,75200,56,0
SAPX,2020-05-19,0,0,0,1460,0,0,0
SATU,2020-05-19,0,0,0,50,0,0,0
SBAT,2020-05-19,113,115,106,112,12420900,727,0
SCCO,2020-05-19,0,0,0,9225,0,0,0
SCMA,2020-05-19,840,865,810,820,24073800,2967,7485100
SCPI,2020-05-19,0,0,0,29000,0,0,0
SDMU,2020-05-19,0,0,0,50,0,0,0
SDPC,2020-05-19,92,94,90,94,65700,16,0
SDRA,2020-05-19,0,0,0,940,0,0,0
SFAN,2020-05-19,670,670,660,670,3000,9,0
SGRO,2020-05-19,2500,2500,2470,2470,7200,8,3100
SHID,2020-05-19,0,0,0,3700,0,0,0
SHIP,2020-05-19,645,655,640,650,341600,68,0
SIDO,2020-05-19,1230,1255,1210,1235,5580900,1377,-2632200
SILO,2020-05-19,5500,5625,5500,5575,39600,93,-25100
SIMA,2020-05-19,0,0,0,50,0,0,0
SIMP,2020-05-19,212,216,208,210,5470100,382,3729600
SINI,2020-05-19,1065,1095,1065,1095,11700,8,-5100
SIPD,2020-05-19,1175,1175,1060,1175,13300,16,0
SKBM,2020-05-19,354,404,330,390,6300,8,0
SKLT,2020-05-19,0,0,0,1610,0,0,0
SKRN,2020-05-19,575,575,530,550,291900,45,0
SKYB,2020-05-19,0,0,0,51,0,0,0
SLIS,2020-05-19,5000,5150,4980,5000,185900,57,0
SMAR,2020-05-19,2780,2880,2780,2880,200,2,0
SMBR,2020-05-19,286,288,282,282,2262500,411,-82200
SMCB,2020-05-19,1035,1045,1025,1035,24200,26,0
SMDM,2020-05-19,89,89,85,85,900,5,0
SMDR,2020-05-19,140,147,140,147,8600,10,-100
SMGR,2020-05-19,8800,8975,8375,8500,5123500,3547,18853
SMKL,2020-05-19,187,187,180,184,500,5,0
SMMA,2020-05-19,11400,12200,11375,12200,4100,9,-3600
SMMT,2020-05-19,80,80,79,80,14300,7,106034600
SMRA,2020-05-19,434,446,424,424,27208500,2516,3978500
SMRU,2020-05-19,0,0,0,50,0,0,0
SMSM,2020-05-19,1130,1150,1115,1140,2238100,410,32800
SOCI,2020-05-19,130,131,126,127,9661000,558,-64100
SONA,2020-05-19,0,0,0,5000,0,0,0
SOSS,2020-05-19,416,418,390,416,20400,28,0
SOTS,2020-05-19,200,200,185,193,6000,5,0
SPMA,2020-05-19,268,280,268,280,800,4,0
SPTO,2020-05-19,550,555,520,525,189100,27,1800
SQMI,2020-05-19,192,197,191,191,1470900,312,100
SRAJ,2020-05-19,130,138,122,134,294900,72,0
SRIL,2020-05-19,148,151,147,148,14342900,954,5463800
SRSN,2020-05-19,52,54,52,52,787700,86,0
SRTG,2020-05-19,2880,2900,2670,2860,569900,311,-80800
SSIA,2020-05-19,288,300,288,292,21144200,1762,1041700
SSMS,2020-05-19,930,950,920,945,793200,415,-189300
SSTM,2020-05-19,0,0,0,615,0,0,0
STAR,2020-05-19,136,138,130,138,36668700,13,0
STTP,2020-05-19,10400,10400,10100,10100,1300,5,0
SUGI,2020-05-19,0,0,0,50,0,0,0
SULI,2020-05-19,50,50,50,50,100,1,0
SUPR,2020-05-19,0,0,0,4000,0,0,0
SURE,2020-05-19,2900,2900,2900,2900,35000,7,0
SWAT,2020-05-19,85,90,85,90,1183700,110,0
TALF,2020-05-19,300,300,300,300,100,1,0
TAMA,2020-05-19,145,145,128,142,286200,50,0
TAMU,2020-05-19,86,86,86,86,67800,20,16100
TARA,2020-05-19,0,0,0,198,0,0,0
TAXI,2020-05-19,0,0,0,50,0,0,0
TBIG,2020-05-19,1100,1115,1065,1080,19446800,1954,1409409590
TBLA,2020-05-19,515,565,510,525,3361300,432,1337600
TBMS,2020-05-19,630,650,630,630,800,6,0
TCID,2020-05-19,7775,7975,7775,7975,300,3,0
TCPI,2020-05-19,4610,4900,4510,4870,10979900,7587,143800
TDPM,2020-05-19,100,105,98,100,7026000,489,-3100800
TEBE,2020-05-19,0,0,0,1615,0,0,0
TELE,2020-05-19,107,114,107,114,34423900,2017,76000
TFAS,2020-05-19,140,140,140,140,2000,4,0
TFCO,2020-05-19,470,470,440,444,3300,7,0
TGKA,2020-05-19,5900,5900,5700,5700,1400,9,0
TGRA,2020-05-19,63,70,63,68,1507400,200,0
TIFA,2020-05-19,0,0,0,195,0,0,0
TINS,2020-05-19,466,476,458,462,17289100,1264,2492000
TIRA,2020-05-19,276,276,276,276,4500,3,0
TIRT,2020-05-19,55,55,52,52,2000,3,0
TKIM,2020-05-19,4200,4320,4060,4060,10852300,6773,5795050
TLKM,2020-05-19,3250,3330,3250,3270,97387100,13092,-11542700
TMAS,2020-05-19,91,92,90,91,285400,57,0
TMPO,2020-05-19,126,126,126,126,100,1,0
TNCA,2020-05-19,0,0,0,260,0,0,0
TOBA,2020-05-19,0,0,0,334,0,0,0
TOPS,2020-05-19,50,50,50,50,39600,6,39600
TOTL,2020-05-19,270,272,268,272,504400,125,283800
TOTO,2020-05-19,208,218,208,218,5700,6,0
TOWR,2020-05-19,895,920,885,915,124895500,6942,-18849000
TPIA,2020-05-19,6350,6675,6325,6550,2492500,1245,-255500
TPMA,2020-05-19,0,0,0,226,0,0,0
TRAM,2020-05-19,0,0,0,50,0,0,0
TRIL,2020-05-19,0,0,0,50,0,0,0
TRIM,2020-05-19,126,126,126,126,100,1,0
TRIN,2020-05-19,252,258,248,256,11449500,720,0
TRIO,2020-05-19,0,0,0,426,0,0,0
TRIS,2020-05-19,222,238,222,238,50100,22,0
TRST,2020-05-19,352,352,352,352,1100,1,0
TRUK,2020-05-19,99,100,99,99,50300,18,0
TRUS,2020-05-19,0,0,0,354,0,0,0
TSPC,2020-05-19,1185,1185,1180,1180,53000,16,0
TUGU,2020-05-19,2670,2800,2670,2800,57600,22,-50000
TURI,2020-05-19,0,0,0,1315,0,0,0
UCID,2020-05-19,1635,1655,1545,1625,592900,538,174500
ULTJ,2020-05-19,1505,1520,1490,1495,174800,202,0
UNIC,2020-05-19,3150,3150,3150,3150,3000,4,0
UNIT,2020-05-19,148,148,139,139,1100,3,0
UNSP,2020-05-19,50,51,50,50,318600,28,0
UNTR,2020-05-19,14200,15200,14200,14500,4547400,6762,164637
UNVR,2020-05-19,8425,8575,8250,8250,12088400,9141,-3663533
URBN,2020-05-19,1680,1680,1675,1680,46400,10,0
VICO,2020-05-19,89,100,86,98,22700,60,0
VINS,2020-05-19,120,120,110,110,1900,7,0
VIVA,2020-05-19,50,50,50,50,4700,12,0
VOKS,2020-05-19,258,260,240,240,126600,33,0
VRNA,2020-05-19,0,0,0,135,0,0,0
WAPO,2020-05-19,76,76,67,67,600,4,0
WEGE,2020-05-19,152,156,150,154,20997600,1175,2865700
WEHA,2020-05-19,77,81,77,79,811400,151,0
WICO,2020-05-19,550,550,550,550,100,1,0
WIIM,2020-05-19,116,118,114,117,1919300,218,0
WIKA,2020-05-19,925,975,925,965,53733700,6878,1702100
WINS,2020-05-19,69,71,61,62,3010800,68,-36000
WOMF,2020-05-19,187,190,187,188,54800,21,0
WOOD,2020-05-19,370,398,350,362,59603400,4003,1709900
WOWS,2020-05-19,50,50,50,50,11500,5,0
WSBP,2020-05-19,153,156,151,152,63857800,2776,17693900
WSKT,2020-05-19,585,600,580,585,34467300,2849,-1806500
WTON,2020-05-19,220,228,218,218,12129800,1112,184300
XMJM,2020-05-19,0,0,0,1001,0,0,0
XPMI,2020-05-19,669,690,669,690,1300,0,0
XSMU,2020-05-19,93,93,93,93,2900,0,0
XSPI,2020-05-19,0,0,0,750,0,0,0
YELO,2020-05-19,50,50,50,50,1800,3,0
YPAS,2020-05-19,0,0,0,488,0,0,0
YULE,2020-05-19,189,189,189,189,100,1,0
ZBRA,2020-05-19,0,0,0,50,0,0,0
ZINC,2020-05-19,135,143,134,140,181824300,1828,-5711900
ZONE,2020-05-19,412,418,412,418,203800,60,0
