AALI,2019-12-23,13575,13625,13525,13600,837700,712,54000
ABBA,2019-12-23,110,112,107,108,15654200,1133,0
ABDA,2019-12-23,0,0,0,6975,0,0,0
ABMM,2019-12-23,1530,1530,1530,1530,100,1,0
ACES,2019-12-23,1610,1610,1550,1550,7008700,2491,1872500
ACST,2019-12-23,1050,1050,1010,1050,481000,257,407500
ADES,2019-12-23,1045,1080,1045,1045,24900,28,0
ADHI,2019-12-23,1210,1215,1180,1185,7448200,1433,530000
ADMF,2019-12-23,10375,10400,10350,10375,19500,34,14400
ADMG,2019-12-23,184,187,183,186,677400,90,0
ADRO,2019-12-23,1540,1590,1540,1580,51031300,6929,-942800
AGAR,2019-12-23,456,456,446,452,382500,60,0
AGII,2019-12-23,640,650,635,645,194200,92,-4600
AGRO,2019-12-23,218,222,204,206,13349500,1643,-5200
AGRS,2019-12-23,135,140,135,136,61300,20,0
AHAP,2019-12-23,60,60,57,58,88200,23,0
AIMS,2019-12-23,0,0,0,180,0,0,0
AISA,2019-12-23,0,0,0,168,0,0,0
AKKU,2019-12-23,58,63,54,57,57032100,1116,2200
AKPI,2019-12-23,390,390,390,390,300,1,0
AKRA,2019-12-23,4000,4000,3950,3960,14939300,1795,3195200
AKSI,2019-12-23,1640,1655,1590,1600,1819700,411,-5900
ALDO,2019-12-23,390,400,380,400,12300,6,0
ALKA,2019-12-23,540,540,410,490,19000,23,0
ALMI,2019-12-23,380,380,312,364,5400,9,0
ALTO,2019-12-23,394,398,392,398,24515400,31,0
AMAG,2019-12-23,0,0,0,296,0,0,0
AMFG,2019-12-23,3380,3390,3370,3390,1800,3,0
AMIN,2019-12-23,342,342,322,322,200,2,0
AMRT,2019-12-23,820,855,820,850,37500,54,-300
ANDI,2019-12-23,50,50,50,50,167100,36,0
ANJT,2019-12-23,865,875,845,875,28300,23,0
ANTM,2019-12-23,835,845,825,825,38930900,3704,1073800
APEX,2019-12-23,324,348,324,348,800,4,0
APIC,2019-12-23,675,680,660,670,20987200,2771,438900
APII,2019-12-23,172,180,172,180,400,3,0
APLI,2019-12-23,155,161,150,160,751900,51,0
APLN,2019-12-23,177,178,175,175,7834100,680,57400
APOL,2019-12-23,0,0,0,50,0,0,0
ARGO,2019-12-23,0,0,0,825,0,0,0
ARII,2019-12-23,800,800,705,705,15300,7,0
ARKA,2019-12-23,2220,2250,2220,2220,496700,830,0
ARMY,2019-12-23,0,0,0,50,0,0,0
ARNA,2019-12-23,448,488,440,450,495000,136,88800
ARTA,2019-12-23,398,400,398,400,700,3,0
ARTI,2019-12-23,50,50,50,50,2100,2,0
ARTO,2019-12-23,2170,2350,2170,2200,26100,46,-2000
ASBI,2019-12-23,302,302,302,302,100,1,0
ASDM,2019-12-23,1085,1085,1085,1085,100,1,0
ASGR,2019-12-23,940,955,935,940,140500,35,0
ASII,2019-12-23,7000,7000,6775,6900,23654800,4588,5465200
ASJT,2019-12-23,152,160,142,148,120400,68,0
ASMI,2019-12-23,1150,1150,1140,1150,28400,29,18000
ASRI,2019-12-23,240,242,238,238,6674000,678,2088500
ASRM,2019-12-23,0,0,0,2020,0,0,0
ASSA,2019-12-23,735,740,725,725,4427900,312,148100
ATIC,2019-12-23,0,0,0,720,0,0,0
AUTO,2019-12-23,1210,1220,1210,1210,174200,142,13600
BABP,2019-12-23,50,50,50,50,64100,11,0
BABP-W3,2019-12-23,49,49,34,34,300,0,0
BABP-W4,2019-12-23,10,11,10,10,771100,0,0
BACA,2019-12-23,300,302,300,302,5195700,1245,0
BAJA,2019-12-23,64,64,62,62,6800,5,0
BALI,2019-12-23,990,1000,970,1000,14200,15,0
BAPA,2019-12-23,61,72,61,72,33005900,31,0
BAPI,2019-12-23,50,50,50,50,20400,14,0
BATA,2019-12-23,640,645,640,640,700,6,-200
BAYU,2019-12-23,1200,1235,1150,1175,28000,7,0
BBCA,2019-12-23,33400,33650,33250,33300,9311700,5943,1779033
BBHI,2019-12-23,140,140,140,140,100,1,0
BBKP,2019-12-23,220,224,220,220,4229600,342,2087100
BBLD,2019-12-23,0,0,0,404,0,0,0
BBMD,2019-12-23,0,0,0,2390,0,0,0
BBNI,2019-12-23,7850,7925,7800,7925,22917200,4654,-884800
BBRI,2019-12-23,4450,4470,4360,4450,123276700,10675,-65659934
BBRM,2019-12-23,0,0,0,50,0,0,0
BBTN,2019-12-23,2160,2170,2120,2120,7036100,1816,528000
BBYB,2019-12-23,0,0,0,276,0,0,0
BCAP,2019-12-23,140,144,140,140,38827400,51,-2500
BCIC,2019-12-23,0,0,0,450,0,0,0
BCIP,2019-12-23,64,65,62,64,133300,23,0
BDMN,2019-12-23,4180,4220,4120,4120,2236500,1716,669300
BEEF,2019-12-23,362,364,358,360,1544800,109,10000
BEKS,2019-12-23,50,50,50,50,2300,4,0
BELL,2019-12-23,525,525,520,520,5095300,42,168300
BEST,2019-12-23,210,214,210,214,12496700,517,13000
BFIN,2019-12-23,585,585,550,585,1603700,117,1092200
BGTG,2019-12-23,64,64,61,63,287400,125,0
BHIT,2019-12-23,65,65,63,63,83640300,597,7023200
BIKA,2019-12-23,196,196,196,196,600,2,0
BIMA,2019-12-23,0,0,0,50,0,0,0
BINA,2019-12-23,845,900,845,880,1540200,65,0
BIPI,2019-12-23,50,50,50,50,109600,5,0
BIPP,2019-12-23,0,0,0,50,0,0,0
BIRD,2019-12-23,2620,2680,2540,2600,1045400,482,-11600
BISI,2019-12-23,1050,1050,1040,1050,38200,54,33800
BJBR,2019-12-23,1380,1390,1355,1355,4472200,1218,38000
BJTM,2019-12-23,680,680,675,680,4483500,663,606900
BKDP,2019-12-23,0,0,0,54,0,0,0
BKSL,2019-12-23,82,85,82,82,44527200,1432,1610200
BKSW,2019-12-23,157,157,157,157,100,1,0
BLTA,2019-12-23,0,0,0,50,0,0,0
BLTZ,2019-12-23,0,0,0,3000,0,0,0
BLUE,2019-12-23,515,515,510,510,7800,10,0
BMAS,2019-12-23,350,350,328,348,3400,10,0
BMRI,2019-12-23,7800,7800,7675,7725,65623400,5150,-30594400
BMSR,2019-12-23,111,119,106,110,1475100,406,0
BMTR,2019-12-23,350,350,338,338,26183900,1736,9634300
BNBA,2019-12-23,318,318,312,316,83900,9,13200
BNBR,2019-12-23,50,50,50,50,2000,2,0
BNGA,2019-12-23,960,970,955,960,730800,214,800
BNII,2019-12-23,204,208,204,204,647500,114,-111500
BNLI,2019-12-23,1230,1255,1230,1240,12578000,1432,500500
BOGA,2019-12-23,1315,1320,1310,1320,19821100,2783,-160000
BOLA,2019-12-23,336,336,310,316,43000,62,0
BOLT,2019-12-23,840,850,840,845,98400,95,0
BORN,2019-12-23,0,0,0,50,0,0,0
BOSS,2019-12-23,179,185,170,180,2339700,459,624900
BPFI,2019-12-23,0,0,0,1310,0,0,0
BPII,2019-12-23,0,0,0,10000,0,0,0
BPTR,2019-12-23,95,95,95,95,200,1,0
BRAM,2019-12-23,0,0,0,10800,0,0,0
BRIS,2019-12-23,344,348,342,342,4987200,573,29500
BRMS,2019-12-23,52,53,51,51,27533400,417,-1110000
BRNA,2019-12-23,1025,1025,1025,1025,100,1,-2016400
BRPT,2019-12-23,1500,1525,1490,1510,71053100,3745,71739117
BSDE,2019-12-23,1295,1295,1260,1270,5219500,1187,159600
BSIM,2019-12-23,575,575,515,530,56800,24,0
BSIM-W3,2019-12-23,40,40,40,40,100,0,0
BSSR,2019-12-23,0,0,0,1835,0,0,0
BSWD,2019-12-23,0,0,0,1750,0,0,0
BTEK,2019-12-23,50,50,50,50,302800,8,0
BTEL,2019-12-23,0,0,0,50,0,0,0
BTON,2019-12-23,200,202,200,202,4000,10,0
BTPN,2019-12-23,3280,3350,3230,3300,5900,18,0
BTPS,2019-12-23,4300,4320,4170,4240,2712900,2286,-71700
BUDI,2019-12-23,104,104,102,104,1168100,32,0
BUKK,2019-12-23,1395,1395,1390,1390,7800,7,0
BULL,2019-12-23,176,177,173,174,26234700,82,-44000
BUMI,2019-12-23,65,67,65,66,123314600,1586,-20467100
BUVA,2019-12-23,64,85,64,79,140700,51,-25900
BVIC,2019-12-23,65,93,65,85,11391500,3198,-20000
BWPT,2019-12-23,114,120,114,118,40687900,1179,-11735300
BYAN,2019-12-23,13800,16400,13800,16400,1200,5,0
CAKK,2019-12-23,71,73,70,70,391700,79,0
CAMP,2019-12-23,378,382,360,366,1548700,364,-71600
CANI,2019-12-23,162,162,150,161,3600,5,0
CARS,2019-12-23,180,180,171,180,19300,20,100
CASA,2019-12-23,418,418,414,418,13291500,1829,-307600
CASS,2019-12-23,635,635,635,635,100,1,100
CCSI,2019-12-23,256,262,252,252,1400400,204,0
CEKA,2019-12-23,1555,1565,1545,1550,51800,64,0
CENT,2019-12-23,75,78,75,75,4378400,70,0
CFIN,2019-12-23,268,270,268,268,129000,38,117300
CINT,2019-12-23,254,256,252,254,87300,24,0
CITA,2019-12-23,1735,1735,1710,1710,15300,10,0
CITY,2019-12-23,119,122,119,122,1400,3,0
CKRA,2019-12-23,0,0,0,76,0,0,0
CLAY,2019-12-23,4050,4050,3700,3970,35600,74,13900
CLEO,2019-12-23,510,515,505,510,5073300,424,7700
CLPI,2019-12-23,780,780,765,770,7000,16,0
CMNP,2019-12-23,1790,1860,1750,1860,48300,48,-45100
CMPP,2019-12-23,0,0,0,184,0,0,0
CNKO,2019-12-23,50,50,50,50,10100,2,0
CNTB,2019-12-23,0,0,0,250,0,0,0
CNTX,2019-12-23,302,334,302,334,7100,4,0
COCO,2019-12-23,860,860,835,855,59900,45,59800
COWL,2019-12-23,50,50,50,50,4300,5,0
CPIN,2019-12-23,6800,6925,6725,6775,5872600,3611,10300
CPRI,2019-12-23,50,50,50,50,30800,10,4968200
CPRO,2019-12-23,50,50,50,50,100,1,0
CSAP,2019-12-23,444,448,444,448,309200,21,0
CSIS,2019-12-23,94,94,92,93,75100,511,0
CTBN,2019-12-23,0,0,0,3150,0,0,0
CTRA,2019-12-23,1070,1085,1070,1070,5612600,1440,-1575400
CTTH,2019-12-23,70,71,69,69,24000,10,0
DART,2019-12-23,0,0,0,326,0,0,0
DAYA,2019-12-23,226,280,226,278,40000,131,0
DEAL,2019-12-23,190,200,184,184,8086500,1284,1488500
DEFI,2019-12-23,1840,1855,1840,1855,4800,14,0
DEWA,2019-12-23,50,50,50,50,900,4,0
DFAM,2019-12-23,400,410,390,404,14445800,499,-331000
DGIK,2019-12-23,50,50,50,50,4100,2,0
DIGI,2019-12-23,1700,1700,1700,1700,300,3,0
DILD,2019-12-23,288,314,284,304,28240800,3191,2030000
DIVA,2019-12-23,3380,3380,3300,3370,242300,66,143700
DKFT,2019-12-23,150,152,145,145,9973300,1190,3600
DLTA,2019-12-23,6600,6600,6525,6525,2300,9,0
DMAS,2019-12-23,296,300,296,298,42192500,1320,-15761600
DMMX,2019-12-23,232,232,222,226,7438200,130,0
DNAR,2019-12-23,240,240,240,240,100,1,0
DNET,2019-12-23,2970,3070,2970,3070,2800,5,0
DOID,2019-12-23,298,302,294,296,3412200,344,275000
DPNS,2019-12-23,0,0,0,254,0,0,0
DPUM,2019-12-23,109,110,107,110,7554900,51,0
DSFI,2019-12-23,97,103,97,99,2800,12,0
DSNG,2019-12-23,408,410,408,410,343100,13,0
DSSA,2019-12-23,0,0,0,14500,0,0,0
DUCK,2019-12-23,1195,1195,1175,1195,135800,46,-18800
DUTI,2019-12-23,0,0,0,5000,0,0,0
DVLA,2019-12-23,2220,2220,2210,2210,9400,5,0
DWGL,2019-12-23,358,400,330,400,8524400,389,5000
DYAN,2019-12-23,91,105,91,101,741700,48,0
EAST,2019-12-23,92,94,91,91,987800,153,0
ECII,2019-12-23,0,0,0,1000,0,0,0
EKAD,2019-12-23,1045,1065,1020,1060,59200,72,0
ELSA,2019-12-23,306,306,300,300,14669800,1048,-57300
ELTY,2019-12-23,50,50,50,50,400,4,-100
EMDE,2019-12-23,228,228,228,228,30000,3,30777500
EMTK,2019-12-23,5125,5175,5000,5175,6900,17,0
ENRG,2019-12-23,50,51,50,50,10458100,158,-1001000
ENVY,2019-12-23,985,1000,955,975,984000,418,-1523500
EPMT,2019-12-23,2000,2000,2000,2000,1500,1,0
ERAA,2019-12-23,1660,1675,1650,1650,12157900,1567,-285700
ERTX,2019-12-23,120,142,120,142,1800,4,0
ESIP,2019-12-23,308,310,304,306,8005000,1412,-1000
ESSA,2019-12-23,270,270,264,268,3971800,200,-233800
ESTI,2019-12-23,62,62,60,62,178900,26,0
ETWA,2019-12-23,65,65,64,64,38000,3,0
EXCL,2019-12-23,3330,3350,3250,3310,5436300,1880,-1322600
FAST,2019-12-23,2460,2500,2460,2500,2000,6,0
FASW,2019-12-23,0,0,0,7725,0,0,0
FILM,2019-12-23,182,184,176,177,3137700,495,-292300
FINN,2019-12-23,0,0,0,50,0,0,0
FIRE,2019-12-23,785,790,605,615,1388100,1161,154300
FISH,2019-12-23,0,0,0,3860,0,0,0
FITT,2019-12-23,55,82,55,79,18444400,2910,120800
FMII,2019-12-23,470,470,468,470,3883200,6,0
FOOD,2019-12-23,110,111,107,108,67000,44,0
FORU,2019-12-23,99,99,99,99,2700,1,0
FORZ,2019-12-23,50,50,50,50,76000,8,0
FPNI,2019-12-23,121,123,120,121,541700,76,1800
FREN,2019-12-23,141,152,140,144,311288600,12106,2620300
FUJI,2019-12-23,109,109,109,109,100,1,0
GAMA,2019-12-23,50,51,50,51,5541700,100,0
GDST,2019-12-23,63,65,61,61,139200,25,0
GDYR,2019-12-23,0,0,0,2000,0,0,0
GEMA,2019-12-23,320,340,320,338,3400,5,0
GEMS,2019-12-23,0,0,0,2550,0,0,0
GGRM,2019-12-23,53100,53775,52525,53575,1431600,2866,-338100
GGRP,2019-12-23,400,420,380,394,1900,9,0
GHON,2019-12-23,0,0,0,1650,0,0,0
GIAA,2019-12-23,498,510,496,500,6335800,1003,-775000
GJTL,2019-12-23,585,590,580,585,1059700,210,-1000
GLOB,2019-12-23,438,438,420,426,800,5,0
GLVA,2019-12-23,336,338,300,338,10074000,1604,-42228700
GMFI,2019-12-23,172,176,169,172,4020200,300,1425600
GMTD,2019-12-23,15575,15575,15575,15575,2000,1,2000
GOLD,2019-12-23,0,0,0,222,0,0,0
GOLL,2019-12-23,0,0,0,50,0,0,0
GOOD,2019-12-23,1520,1520,1505,1520,330200,85,0
GPRA,2019-12-23,77,80,73,80,1688000,127,0
GREN,2019-12-23,0,0,0,328,0,0,0
GSMF,2019-12-23,0,0,0,100,0,0,0
GTBO,2019-12-23,140,140,140,140,21700,7,0
GWSA,2019-12-23,170,170,150,150,48100,11,0
GZCO,2019-12-23,50,50,50,50,44800,166,0
HADE,2019-12-23,0,0,0,50,0,0,0
HDFA,2019-12-23,128,138,128,131,12600,17,0
HDIT,2019-12-23,750,750,690,690,1400,3,0
HDTX,2019-12-23,0,0,0,120,0,0,0
HEAL,2019-12-23,3530,3690,3500,3690,312500,152,290000
HELI,2019-12-23,171,171,163,163,200900,15,0
HERO,2019-12-23,850,850,755,755,2200,7,500
HEXA,2019-12-23,3510,3540,3470,3470,54900,48,14400
HITS,2019-12-23,550,650,550,650,111500,20,0
HKMU,2019-12-23,258,266,258,258,482500,67,18600
HMSP,2019-12-23,2120,2190,2090,2150,65262500,7619,-17034800
HOKI,2019-12-23,950,950,930,945,21403900,692,197700
HOME,2019-12-23,50,50,50,50,46200,24,0
HOTL,2019-12-23,102,115,102,115,52134100,145,-12900
HRME,2019-12-23,1200,1240,1195,1240,13626600,401,49100
HRTA,2019-12-23,228,240,214,224,872300,278,37900
HRUM,2019-12-23,1330,1330,1305,1320,1292500,169,129300
IATA,2019-12-23,0,0,0,50,0,0,0
IBFN,2019-12-23,210,210,210,210,100,1,0
IBST,2019-12-23,0,0,0,6525,0,0,0
ICBP,2019-12-23,11500,11500,11325,11400,4627300,2199,-624710
ICON,2019-12-23,54,67,54,62,10707900,286,0
IDPR,2019-12-23,0,0,0,368,0,0,0
IFII,2019-12-23,224,226,208,212,2059100,429,-5000
IFSH,2019-12-23,610,610,550,585,38500,40,0
IGAR,2019-12-23,340,340,328,336,3100,7,0
IIKP,2019-12-23,50,50,50,50,700,5,0
IKAI,2019-12-23,77,77,71,71,22591800,1156,-4824500
IKBI,2019-12-23,262,264,262,264,200,2,0
IMAS,2019-12-23,1205,1280,1200,1205,3157000,899,369000
IMJS,2019-12-23,300,308,290,300,422200,92,0
IMPC,2019-12-23,1030,1035,1030,1035,320400,27,0
INAF,2019-12-23,750,810,705,725,12461900,3764,187800
INAI,2019-12-23,436,436,434,434,6300,3,0
INCF,2019-12-23,50,50,50,50,11500,8,0
INCI,2019-12-23,0,0,0,412,0,0,0
INCO,2019-12-23,3610,3650,3610,3610,8790000,3221,494400
INDF,2019-12-23,8000,8050,7900,7950,5099500,1936,-850500
INDR,2019-12-23,2560,2560,2530,2530,98000,53,85400
INDS,2019-12-23,2200,2200,2200,2200,2200,6,2000
INDX,2019-12-23,54,54,52,52,110000,8,0
INDY,2019-12-23,1255,1280,1230,1245,9790100,1918,-2716200
INKP,2019-12-23,7925,8000,7800,7800,3146700,1864,-91900
INOV,2019-12-23,376,380,374,380,2649100,205,0
INPC,2019-12-23,63,63,62,63,159400,40,-15000
INPP,2019-12-23,0,0,0,825,0,0,0
INPS,2019-12-23,4040,4040,3950,4000,34400,35,100
INRU,2019-12-23,795,795,795,795,100,1,0
INTA,2019-12-23,448,448,448,448,12286900,7,0
INTD,2019-12-23,500,525,488,525,125200,35,0
INTP,2019-12-23,20275,20300,19700,19775,1046600,1399,112900
IPCC,2019-12-23,695,700,680,690,863200,193,0
IPCM,2019-12-23,184,184,181,181,158900,95,15200
IPOL,2019-12-23,92,95,92,92,46700,23,0
IPTV,2019-12-23,500,510,498,498,33593800,11636,-712900
IRRA,2019-12-23,645,660,630,645,11014100,1977,0
ISAT,2019-12-23,2920,2960,2910,2910,2862300,1305,-266700
ISSP,2019-12-23,188,190,184,184,5444900,454,246300
ITIC,2019-12-23,1615,1850,1565,1790,18238700,2330,0
ITMA,2019-12-23,570,570,545,545,8100,11,0
ITMG,2019-12-23,11350,11375,11150,11175,831300,1427,115700
ITTG,2019-12-23,0,0,0,82,0,0,0
JAST,2019-12-23,1780,1780,1400,1580,9276600,279,0
JAWA,2019-12-23,0,0,0,95,0,0,0
JAYA,2019-12-23,80,88,80,84,1540400,156,-582300
JECC,2019-12-23,5925,5925,5925,5925,200,2,0
JGLE,2019-12-23,0,0,0,50,0,0,0
JIHD,2019-12-23,0,0,0,550,0,0,0
JKON,2019-12-23,0,0,0,496,0,0,0
JKSW,2019-12-23,0,0,0,60,0,0,0
JMAS,2019-12-23,850,870,850,870,200,2,0
JPFA,2019-12-23,1545,1575,1540,1565,12434900,2578,-2609100
JRPT,2019-12-23,560,565,550,560,6684500,313,2817800
JSKY,2019-12-23,214,228,210,214,19752400,2037,-2000
JSMR,2019-12-23,5300,5400,5275,5375,3141800,1505,-682900
JSPT,2019-12-23,0,0,0,1025,0,0,0
JTPE,2019-12-23,940,970,940,955,3609100,219,0
KAEF,2019-12-23,1340,1380,1200,1200,8032800,2983,-38300
KARW,2019-12-23,64,67,64,65,226000,29,0
KAYU,2019-12-23,80,80,75,76,9123800,512,0
KBLI,2019-12-23,530,535,520,530,6057700,245,3200
KBLM,2019-12-23,340,340,290,290,202100,60,0
KBLV,2019-12-23,0,0,0,310,0,0,0
KBRI,2019-12-23,0,0,0,50,0,0,0
KDSI,2019-12-23,1215,1215,1210,1210,1100,8,0
KEEN,2019-12-23,560,560,545,560,3180100,242,179100
KEJU,2019-12-23,840,1035,815,900,845500,826,13800
KIAS,2019-12-23,66,75,66,70,81510700,158,0
KICI,2019-12-23,302,302,232,234,24800,15,0
KIJA,2019-12-23,296,304,290,300,3052700,806,660900
KINO,2019-12-23,3440,3440,3420,3440,437300,137,160700
KIOS,2019-12-23,0,0,0,336,0,0,0
KJEN,2019-12-23,2160,2180,2150,2170,270900,496,0
KKGI,2019-12-23,246,248,246,246,97200,30,-97100
KLBF,2019-12-23,1625,1640,1600,1625,30143000,3100,787600
KMTR,2019-12-23,310,320,308,308,18600,14,-5000
KOBX,2019-12-23,121,121,118,118,66700,51,0
KOIN,2019-12-23,141,141,141,141,500,1,500
KONI,2019-12-23,650,650,650,650,700,3,0
KOPI,2019-12-23,630,630,625,630,48200,22,0
KOTA,2019-12-23,730,740,730,735,8308000,20,0
KPAL,2019-12-23,174,234,152,156,4685200,547,37800
KPAS,2019-12-23,53,70,53,64,2588900,387,0
KPIG,2019-12-23,136,138,130,130,28783100,183,-3407930000
KRAH,2019-12-23,1700,1700,1665,1680,474500,210,0
KRAS,2019-12-23,290,296,290,290,2843300,469,307700
KREN,2019-12-23,525,530,510,515,62835100,743,1553600
LAND,2019-12-23,990,1150,990,1090,5000,13,0
LAPD,2019-12-23,0,0,0,50,0,0,0
LCGP,2019-12-23,0,0,0,114,0,0,0
LCKM,2019-12-23,324,324,324,324,5000,3,0
LEAD,2019-12-23,50,50,50,50,6600,4,0
LIFE,2019-12-23,6200,6200,6000,6050,1700,3,0
LINK,2019-12-23,3980,3980,3960,3980,173500,28,149300
LION,2019-12-23,0,0,0,510,0,0,0
LMAS,2019-12-23,62,74,62,71,1128000,96,0
LMPI,2019-12-23,98,98,98,98,1500,1,0
LMSH,2019-12-23,0,0,0,476,0,0,0
LPCK,2019-12-23,1030,1040,1010,1015,1006800,812,374600
LPGI,2019-12-23,0,0,0,3600,0,0,0
LPIN,2019-12-23,0,0,0,284,0,0,0
LPKR,2019-12-23,240,240,234,234,45776600,1501,12945900
LPLI,2019-12-23,0,0,0,98,0,0,0
LPPF,2019-12-23,4380,4430,4180,4250,14841200,4656,5958500
LPPS,2019-12-23,82,82,78,80,103600,17,0
LRNA,2019-12-23,120,120,120,120,2000,4,0
LSIP,2019-12-23,1340,1370,1330,1360,17308300,1953,-1322600
LTLS,2019-12-23,625,630,625,630,206100,19,50000
LUCK,2019-12-23,430,434,380,424,66494300,14669,394500
MABA,2019-12-23,50,50,50,50,400,2,0
MAGP,2019-12-23,0,0,0,50,0,0,0
MAIN,2019-12-23,1010,1030,1000,1020,1153800,461,457100
MAMI,2019-12-23,50,50,50,50,586500,74,0
MAMIP,2019-12-23,0,0,0,600,0,0,0
MAPA,2019-12-23,5000,5100,4800,5000,5700,11,4700
MAPB,2019-12-23,0,0,0,1680,0,0,0
MAPI,2019-12-23,1045,1050,1015,1040,8245200,3321,4643000
MARI,2019-12-23,181,182,181,182,20100,2,0
MARK,2019-12-23,440,515,440,450,1705100,137,-13388600
MASA,2019-12-23,420,422,412,412,8200,13,0
MAYA,2019-12-23,0,0,0,9100,0,0,0
MBAP,2019-12-23,1940,1990,1935,1975,9400,15,500
MBSS,2019-12-23,490,492,486,488,129200,85,0
MBTO,2019-12-23,93,101,92,92,65200,24,25000
MCAS,2019-12-23,2770,2770,2730,2740,494700,43,-14500
MCOR,2019-12-23,139,139,130,131,1904600,49,-381900
MDIA,2019-12-23,57,57,53,54,782400,36,0
MDKA,2019-12-23,1050,1050,1030,1045,35453600,2413,397500
MDKI,2019-12-23,204,206,204,206,7000,12,0
MDLN,2019-12-23,220,220,214,218,9759500,951,-3137100
MDRN,2019-12-23,0,0,0,50,0,0,0
MEDC,2019-12-23,865,900,860,890,66510900,4627,-4040300
MEGA,2019-12-23,6675,6700,6675,6700,200,2,100
MERK,2019-12-23,2900,2910,2870,2910,15400,30,0
META,2019-12-23,195,204,195,204,3029200,34,0
MFIN,2019-12-23,1280,1285,1280,1285,38000,12,12300
MFMI,2019-12-23,765,915,765,890,502000,463,5000
MGNA,2019-12-23,50,50,50,50,200,2,0
MGRO,2019-12-23,840,855,840,845,1279400,109,0
MICE,2019-12-23,342,354,342,354,11800,8,0
MIDI,2019-12-23,0,0,0,950,0,0,0
MIKA,2019-12-23,2690,2710,2660,2660,9170900,838,-683400
MINA,2019-12-23,815,815,750,755,24000,44,4900
MIRA,2019-12-23,0,0,0,50,0,0,0
MITI,2019-12-23,0,0,0,51,0,0,0
MKNT,2019-12-23,50,50,50,50,2100,2,0
MKPI,2019-12-23,0,0,0,16200,0,0,0
MLBI,2019-12-23,15800,15900,15500,15900,10600,13,0
MLIA,2019-12-23,805,810,800,810,5112200,252,-7400
MLPL,2019-12-23,84,85,80,80,8332700,402,1031400
MLPT,2019-12-23,474,474,472,472,800,2,0
MMLP,2019-12-23,208,212,206,208,15656500,570,-206500
MNCN,2019-12-23,1575,1620,1545,1560,32740000,23168,11240800
MOLI,2019-12-23,0,0,0,950,0,0,0
MPMX,2019-12-23,670,680,665,665,632800,192,-137900
MPOW,2019-12-23,108,113,107,108,157800,67,0
MPPA,2019-12-23,148,148,143,143,1784000,300,29300
MPRO,2019-12-23,2100,2110,2090,2100,3600,18,300
MRAT,2019-12-23,151,152,150,151,56100,17,0
MREI,2019-12-23,3910,4000,3910,4000,27200,15,0
MSIN,2019-12-23,420,420,414,416,523900,141,-107400
MSKY,2019-12-23,1460,1460,1395,1395,300,3,-100
MTDL,2019-12-23,1985,1990,1965,1975,1838800,372,-36100
MTFN,2019-12-23,0,0,0,50,0,0,0
MTLA,2019-12-23,476,505,476,500,92600,20,0
MTPS,2019-12-23,915,915,890,900,8500,12,0
MTRA,2019-12-23,334,334,334,334,15500,6,0
MTSM,2019-12-23,226,226,226,226,200,1,0
MTWI,2019-12-23,57,71,57,67,4811800,858,0
MYOH,2019-12-23,1290,1295,1290,1295,43600,17,0
MYOR,2019-12-23,1950,2020,1950,2000,10260400,3108,-1191800
MYRX,2019-12-23,50,50,50,50,1330700,306,-1115800
MYRXP,2019-12-23,0,0,0,50,0,0,0
MYTX,2019-12-23,54,60,52,52,300,3,0
NASA,2019-12-23,660,695,640,695,72800,27,11300
NATO,2019-12-23,1070,1085,1070,1070,31810400,2969,-566200
NELY,2019-12-23,0,0,0,136,0,0,0
NFCX,2019-12-23,2850,2860,2790,2860,266900,107,29400
NICK,2019-12-23,0,0,0,294,0,0,0
NIKL,2019-12-23,630,675,585,610,19360000,4311,-4300
NIPS,2019-12-23,0,0,0,282,0,0,0
NIRO,2019-12-23,143,143,140,140,2990100,3,0
NISP,2019-12-23,860,870,855,855,16000,10,200
NOBU,2019-12-23,0,0,0,865,0,0,0
NRCA,2019-12-23,382,384,378,382,100600,43,0
NUSA,2019-12-23,50,50,50,50,120500,6,0
NZIA,2019-12-23,825,825,780,780,6300,15,0
OASA,2019-12-23,0,0,0,354,0,0,0
OCAP,2019-12-23,222,250,182,244,8800,18,0
OKAS,2019-12-23,190,202,190,195,317300,15,0
OMRE,2019-12-23,0,0,0,1175,0,0,0
OPMS,2019-12-23,100,107,100,102,1188000,206,0
PADI,2019-12-23,300,300,274,274,9400,23,0
PALM,2019-12-23,208,208,208,208,100,1,0
PAMG,2019-12-23,62,64,61,62,1211400,130,0
PANI,2019-12-23,102,102,102,102,1100,2,0
PANR,2019-12-23,340,340,338,340,890200,154,0
PANS,2019-12-23,1430,1430,1400,1425,42300,15,0
PBID,2019-12-23,1010,1010,1010,1010,3600,1,3600
PBRX,2019-12-23,510,520,486,520,95400,34,57000
PBSA,2019-12-23,560,610,560,610,82900,13,0
PCAR,2019-12-23,1300,1300,1295,1295,2500,10,0
PDES,2019-12-23,0,0,0,730,0,0,0
PEGE,2019-12-23,200,200,200,200,500,1,0
PEHA,2019-12-23,1050,1050,1035,1050,35400,43,0
PGAS,2019-12-23,2200,2200,2160,2170,19756400,3437,629700
PGLI,2019-12-23,320,322,310,320,5000,6,0
PICO,2019-12-23,2510,2520,2250,2250,842300,73,9300
PJAA,2019-12-23,955,990,955,985,5300,12,0
PKPK,2019-12-23,65,65,63,63,16300,11,0
PLAS,2019-12-23,0,0,0,50,0,0,0
PLIN,2019-12-23,3200,3200,3100,3200,1700,11,0
PMJS,2019-12-23,150,176,144,154,19017800,2948,0
PNBN,2019-12-23,1325,1325,1285,1305,1912800,217,194400
PNBS,2019-12-23,50,50,50,50,38000,12,0
PNIN,2019-12-23,1095,1100,1080,1080,96400,36,11200
PNLF,2019-12-23,288,288,282,282,6225000,509,2060300
PNSE,2019-12-23,0,0,0,332,0,0,0
POLA,2019-12-23,462,540,348,348,3634700,4523,0
POLI,2019-12-23,1540,1540,1540,1540,200,1,0
POLL,2019-12-23,11125,11225,11125,11150,412200,1322,-69000
POLU,2019-12-23,2400,2400,2400,2400,600,4,0
POLY,2019-12-23,66,70,66,68,1851300,82,0
POOL,2019-12-23,488,488,366,366,4818600,2187,78100
PORT,2019-12-23,0,0,0,505,0,0,0
POSA,2019-12-23,50,50,50,50,14900,29,0
POWR,2019-12-23,1000,1005,995,1000,923700,74,184100
PPRE,2019-12-23,248,252,240,240,6063500,1535,264200
PPRO,2019-12-23,66,68,65,67,111419300,3525,4431300
PRAS,2019-12-23,140,140,140,140,2700,3,0
PRDA,2019-12-23,3490,3490,3460,3470,4100,11,4000
PRIM,2019-12-23,406,496,400,400,115000,76,9900
PSAB,2019-12-23,252,256,242,244,93263800,2223,2080200
PSDN,2019-12-23,157,157,134,146,2300,9,0
PSGO,2019-12-23,191,198,185,190,2066200,96,3600
PSKT,2019-12-23,50,50,50,50,100,1,0
PSSI,2019-12-23,179,187,175,180,278300,38,0
PTBA,2019-12-23,2650,2660,2580,2610,11993800,2934,1832800
PTIS,2019-12-23,0,0,0,175,0,0,0
PTPP,2019-12-23,1640,1650,1625,1630,4996000,1332,-191100
PTRO,2019-12-23,1560,1605,1560,1585,335000,182,0
PTSN,2019-12-23,262,272,252,260,935800,225,-8700
PTSP,2019-12-23,0,0,0,4550,0,0,0
PUDP,2019-12-23,0,0,0,320,0,0,0
PURE,2019-12-23,248,284,248,264,16215200,2730,0
PWON,2019-12-23,570,570,560,565,28804100,2651,10710900
PYFA,2019-12-23,0,0,0,198,0,0,0
PZZA,2019-12-23,1160,1170,1155,1170,575900,105,-28700
R-ABFII,2019-12-23,0,0,0,28600,0,0,0
RAJA,2019-12-23,193,193,186,187,363400,138,0
RALS,2019-12-23,1000,1060,1000,1050,7040300,1597,221000
RANC,2019-12-23,334,334,330,330,4700,6,0
RBMS,2019-12-23,69,69,61,64,490900,66,0
RDTX,2019-12-23,5200,5225,5175,5200,12100,14,0
REAL,2019-12-23,236,260,218,226,1439400,836,0
RELI,2019-12-23,208,208,208,208,100,1,0
RICY,2019-12-23,0,0,0,159,0,0,0
RIGS,2019-12-23,220,220,220,220,2000,2,0
RIMO,2019-12-23,50,50,50,50,88200,8,88200
RISE,2019-12-23,655,655,630,635,699800,52,0
RMBA,2019-12-23,0,0,0,312,0,0,0
RODA,2019-12-23,50,50,50,50,139300,6,0
ROTI,2019-12-23,1300,1305,1300,1300,1984300,209,429500
RUIS,2019-12-23,242,244,242,244,1200,5,0
SAFE,2019-12-23,214,216,214,214,431000,75,0
SAME,2019-12-23,248,268,248,250,377800,57,-300000
SAPX,2019-12-23,0,0,0,830,0,0,0
SATU,2019-12-23,81,88,81,84,553100,34,0
SCBD,2019-12-23,0,0,0,2700,0,0,0
SCCO,2019-12-23,9175,9175,9175,9175,200,1,0
SCMA,2019-12-23,1405,1410,1380,1395,36317800,1727,2091100
SCPI,2019-12-23,0,0,0,29000,0,0,0
SDMU,2019-12-23,50,50,50,50,58500,4,0
SDPC,2019-12-23,0,0,0,95,0,0,0
SDRA,2019-12-23,670,825,670,825,3300,6,0
SFAN,2019-12-23,970,1005,970,1005,74900,41,100
SGRO,2019-12-23,2410,2410,2360,2360,500,3,100
SHID,2019-12-23,0,0,0,2400,0,0,0
SHIP,2019-12-23,765,770,760,765,669600,63,0
SIDO,2019-12-23,1275,1315,1265,1305,7641100,1739,-292800
SILO,2019-12-23,6975,7025,6850,6875,94300,109,70500
SIMA,2019-12-23,50,50,50,50,100,1,0
SIMP,2019-12-23,390,396,388,392,5439800,395,206800
SINI,2019-12-23,0,0,0,1650,0,0,0
SIPD,2019-12-23,900,915,900,915,10600,12,0
SKBM,2019-12-23,0,0,0,372,0,0,0
SKLT,2019-12-23,0,0,0,1610,0,0,0
SKRN,2019-12-23,595,595,580,580,82700,18,0
SKYB,2019-12-23,66,66,58,59,1245100,590,0
SLIS,2019-12-23,4180,4240,4160,4220,49500,44,1300
SMAR,2019-12-23,3780,3790,3780,3780,12700,11,10200
SMBR,2019-12-23,452,460,430,430,9424100,1690,658100
SMCB,2019-12-23,1200,1200,1185,1190,31300,11,0
SMDM,2019-12-23,128,148,128,140,5700,7,0
SMDR,2019-12-23,240,244,240,242,34600,21,0
SMGR,2019-12-23,12425,12450,12225,12250,11392900,1836,1261700
SMKL,2019-12-23,222,228,222,226,101600,73,0
SMMA,2019-12-23,0,0,0,15450,0,0,-5505000
SMMT,2019-12-23,120,124,120,124,3400,9,0
SMRA,2019-12-23,1000,1000,975,995,8821800,1875,1370100
SMRU,2019-12-23,50,50,50,50,36500,6,0
SMSM,2019-12-23,1450,1450,1410,1430,3861800,1284,395000
SOCI,2019-12-23,175,175,171,175,4551700,357,57100
SONA,2019-12-23,0,0,0,5975,0,0,0
SOSS,2019-12-23,396,418,396,414,21500,7,0
SOTS,2019-12-23,0,0,0,230,0,0,0
SPMA,2019-12-23,326,328,326,328,3000,8,0
SPTO,2019-12-23,845,865,835,855,5328600,485,-48550300
SQMI,2019-12-23,248,258,240,242,3874400,500,-1500
SRAJ,2019-12-23,298,298,290,294,6600,6,-3800
SRIL,2019-12-23,260,262,256,258,9364100,1643,907200
SRSN,2019-12-23,67,67,66,66,276600,44,0
SRTG,2019-12-23,3690,3690,3660,3690,9800,9,8600
SSIA,2019-12-23,675,675,665,665,19358400,1150,486300
SSMS,2019-12-23,820,830,795,800,52704600,1005,611700
SSTM,2019-12-23,570,570,540,540,300,3,0
STAR,2019-12-23,131,131,130,130,565300,15,0
STTP,2019-12-23,4510,4510,4500,4500,1000,2,0
SUGI,2019-12-23,0,0,0,50,0,0,0
SULI,2019-12-23,51,51,50,50,4010900,18,0
SUPR,2019-12-23,0,0,0,2110,0,0,0
SURE,2019-12-23,3070,3100,3070,3100,3074600,771,0
SWAT,2019-12-23,103,104,102,103,9554900,1204,0
TALF,2019-12-23,282,320,272,272,1700,8,0
TAMU,2019-12-23,370,370,314,340,16471000,1762,725300
TARA,2019-12-23,434,446,326,414,2335500,838,-158600
TAXI,2019-12-23,50,50,50,50,1000,1,0
TBIG,2019-12-23,1145,1195,1130,1195,64152700,6289,288100
TBLA,2019-12-23,915,945,915,935,883900,435,147000
TBMS,2019-12-23,0,0,0,840,0,0,0
TCID,2019-12-23,0,0,0,11600,0,0,0
TCPI,2019-12-23,5825,6075,5750,6025,9230900,9702,-200000
TDPM,2019-12-23,250,250,242,244,1937000,30,-320000
TEBE,2019-12-23,1855,1860,1845,1845,3355100,1082,4700
TELE,2019-12-23,294,298,292,292,16191100,591,29100
TFAS,2019-12-23,153,153,145,152,232600,62,0
TFCO,2019-12-23,640,640,640,640,200,2,0
TGKA,2019-12-23,0,0,0,4840,0,0,0
TGRA,2019-12-23,123,136,119,123,7075500,971,1118000
TIFA,2019-12-23,226,242,226,240,550900,50,0
TINS,2019-12-23,820,835,810,815,8881600,1316,-22100
TIRA,2019-12-23,242,258,242,246,3100,10,0
TIRT,2019-12-23,58,58,52,52,251300,19,0
TKIM,2019-12-23,11000,11000,10700,10700,438100,861,73800
TLKM,2019-12-23,4020,4030,3980,4020,58715700,7430,-11292000
TMAS,2019-12-23,104,105,100,101,3101000,202,0
TMPO,2019-12-23,164,164,164,164,700,4,0
TNCA,2019-12-23,270,280,270,280,9400,12,0
TOBA,2019-12-23,370,370,356,368,10400,5,3300
TOPS,2019-12-23,304,304,230,230,8268100,1347,-3253800
TOTL,2019-12-23,424,428,422,424,552200,85,-121400
TOTO,2019-12-23,292,296,292,292,29800,15,-9817300
TOWR,2019-12-23,765,785,755,780,78766200,4672,-25129200
TPIA,2019-12-23,10400,10475,10275,10475,5291200,1777,67833700
TPMA,2019-12-23,248,248,248,248,1500,2,0
TRAM,2019-12-23,50,50,50,50,4569500,166,-83000
TRIL,2019-12-23,0,0,0,50,0,0,0
TRIM,2019-12-23,149,149,141,143,36800,10,0
TRIO,2019-12-23,0,0,0,426,0,0,0
TRIS,2019-12-23,254,258,254,258,1757000,108,0
TRST,2019-12-23,380,382,380,380,184700,10,0
TRUK,2019-12-23,102,102,102,102,100,1,0
TRUS,2019-12-23,352,352,352,352,500,1,0
TSPC,2019-12-23,1350,1355,1325,1340,104000,74,57200
TUGU,2019-12-23,3460,3460,3460,3460,1000,1,-1000
TURI,2019-12-23,900,900,895,895,31400,3,0
UCID,2019-12-23,1795,1940,1770,1930,35780600,10891,-5914700
ULTJ,2019-12-23,1565,1630,1565,1620,2521000,465,2016300
UNIC,2019-12-23,3960,4000,3960,4000,1500,2,0
UNIT,2019-12-23,169,177,168,177,1100,9,0
UNSP,2019-12-23,100,102,99,100,107000,32,0
UNTR,2019-12-23,21500,21500,20925,21200,3600600,4267,662700
UNVR,2019-12-23,41625,41675,40900,41650,2214600,4222,62409
URBN,2019-12-23,2320,2320,2310,2310,166200,17,0
VICO,2019-12-23,114,114,114,114,200,1,0
VINS,2019-12-23,124,125,122,124,126900,77,0
VIVA,2019-12-23,76,77,73,76,27258000,184,906400
VOKS,2019-12-23,290,290,280,280,44400,19,0
VRNA,2019-12-23,0,0,0,103,0,0,0
WAPO,2019-12-23,73,73,62,65,144700,37,0
WEGE,2019-12-23,298,300,294,298,5376500,454,1442400
WEHA,2019-12-23,149,149,148,148,1710800,156,0
WICO,2019-12-23,540,540,535,535,3000,3,-3000
WIIM,2019-12-23,171,174,169,169,2459900,255,0
WIKA,2019-12-23,1980,2000,1950,1965,11571600,3393,3192200
WINS,2019-12-23,122,125,119,124,427700,38,-200
WOMF,2019-12-23,276,280,272,278,52300,37,32600
WOOD,2019-12-23,625,625,600,605,5003500,482,1295200
WOWS,2019-12-23,230,238,220,226,6783900,393,-50000
WSBP,2019-12-23,310,312,306,308,14327300,1916,2674800
WSKT,2019-12-23,1500,1510,1485,1495,24295800,2757,690100
WTON,2019-12-23,456,458,448,448,6936700,1065,3191343
XMJM,2019-12-23,0,0,0,1000,0,0,0
XPMI,2019-12-23,990,994,990,993,900,0,0
XSPI,2019-12-23,0,0,0,750,0,0,0
YELO,2019-12-23,78,84,78,79,1504400,205,0
YPAS,2019-12-23,0,0,0,550,0,0,0
YULE,2019-12-23,150,174,150,174,10800,10,0
ZBRA,2019-12-23,110,110,94,105,1532000,140,0
ZINC,2019-12-23,388,404,382,404,107607700,6342,-1001400
ZONE,2019-12-23,498,500,498,500,41600,11,0
