AALI,2020-05-29,7225,7400,7100,7400,11900200,3625,-3719100
ABBA,2020-05-29,50,50,50,50,96200,29,0
ABDA,2020-05-29,0,0,0,5750,0,0,0
ABMM,2020-05-29,1485,1485,1485,1485,100,1,0
ACES,2020-05-29,1490,1555,1440,1555,31227300,4593,3711800
ACST,2020-05-29,246,252,242,244,990700,105,508800
ADES,2020-05-29,950,985,920,960,102500,56,0
ADHI,2020-05-29,525,530,500,500,35426600,2020,17716332
ADMF,2020-05-29,6575,6600,6525,6600,187700,187,-97700
ADMG,2020-05-29,95,96,90,91,1527200,243,0
ADRO,2020-05-29,1015,1100,1015,1100,139275700,11606,-26273300
AGAR,2020-05-29,0,0,0,488,0,0,0
AGII,2020-05-29,416,416,408,408,140500,55,0
AGRO,2020-05-29,120,121,117,120,7675300,582,-374600
AGRS,2020-05-29,106,112,105,106,21300,11,0
AHAP,2020-05-29,50,59,50,57,220200,39,0
AIMS,2020-05-29,0,0,0,180,0,0,0
AISA,2020-05-29,0,0,0,168,0,0,0
AKKU,2020-05-29,0,0,0,50,0,0,0
AKPI,2020-05-29,378,378,378,378,300,2,0
AKRA,2020-05-29,2470,2470,2350,2350,14923300,1380,1524200
AKSI,2020-05-29,106,123,95,117,406800,157,-7000
ALDO,2020-05-29,392,412,392,410,29200,14,0
ALKA,2020-05-29,400,400,400,400,600,5,0
ALMI,2020-05-29,212,214,212,214,200,2,0
ALTO,2020-05-29,0,0,0,396,0,0,0
AMAG,2020-05-29,250,268,250,268,11400,4,0
AMAN,2020-05-29,194,206,190,190,542200,247,0
AMAR,2020-05-29,175,210,175,195,171000,84,0
AMFG,2020-05-29,3120,3120,3120,3120,200,1,0
AMIN,2020-05-29,0,0,0,400,0,0,0
AMOR,2020-05-29,1985,1985,1970,1985,16100,8,100
AMRT,2020-05-29,910,910,900,910,130900,33,0
ANDI,2020-05-29,50,50,50,50,25400,8,0
ANJT,2020-05-29,450,450,432,432,4800,6,4600
ANTM,2020-05-29,525,535,520,535,58928900,3496,-25225900
APEX,2020-05-29,92,92,89,89,56100,28,39000
APIC,2020-05-29,995,1035,980,1035,94193800,6164,-21847100
APII,2020-05-29,198,230,198,220,63000,15,0
APLI,2020-05-29,139,139,139,139,200,2,0
APLN,2020-05-29,100,100,97,98,9587600,623,185700
ARGO,2020-05-29,0,0,0,825,0,0,0
ARII,2020-05-29,680,680,680,680,15000,2,0
ARKA,2020-05-29,1300,1300,1300,1300,100,1,0
ARMY,2020-05-29,0,0,0,50,0,0,0
ARNA,2020-05-29,394,394,392,394,410100,31,407700
ARTA,2020-05-29,410,410,410,410,200,1,0
ARTI,2020-05-29,0,0,0,50,0,0,0
ARTO,2020-05-29,900,900,870,875,89700,31,0
ASBI,2020-05-29,0,0,0,270,0,0,0
ASDM,2020-05-29,1000,1035,1000,1030,400,4,0
ASGR,2020-05-29,715,715,700,700,42900,24,0
ASII,2020-05-29,4520,4770,4470,4770,164786500,16945,-31770704
ASJT,2020-05-29,110,116,109,109,15300,16,0
ASMI,2020-05-29,1090,1095,1080,1095,21400,22,0
ASPI,2020-05-29,500,510,488,488,9118100,287,530200
ASRI,2020-05-29,112,115,106,106,143873900,1206,95593300
ASRM,2020-05-29,1810,1810,1810,1810,300,2,100
ASSA,2020-05-29,366,398,348,354,12708500,1225,189100
ATIC,2020-05-29,830,830,830,830,100,1,0
AUTO,2020-05-29,760,760,740,755,2763900,597,-132000
AYLS,2020-05-29,50,50,50,50,1400,5,0
BABP,2020-05-29,50,50,50,50,4500,10,0
BABP-W3,2020-05-29,28,28,28,28,300,0,0
BABP-W4,2020-05-29,6,6,5,6,213700,0,0
BACA,2020-05-29,396,418,396,418,65000,27,19000
BAJA,2020-05-29,52,54,52,52,265400,52,0
BALI,2020-05-29,890,925,840,880,17300,15,0
BAPA,2020-05-29,50,50,50,50,50100,2,0
BAPI,2020-05-29,50,50,50,50,22300,3,0
BATA,2020-05-29,555,585,555,585,400,4,-100
BAYU,2020-05-29,1000,1015,950,1015,2100,9,0
BBCA,2020-05-29,26475,26475,25950,25950,79882800,21436,2764236
BBHI,2020-05-29,0,0,0,66,0,0,0
BBKP,2020-05-29,154,160,148,149,90141700,4048,18000000
BBLD,2020-05-29,428,428,412,412,200,2,0
BBMD,2020-05-29,1095,1100,1075,1100,21000,10,300
BBNI,2020-05-29,3660,3860,3590,3830,147057800,18799,1856135
BBRI,2020-05-29,2700,2950,2700,2950,872607300,60787,-444448052
BBRM,2020-05-29,50,59,50,50,302200,28,-50000
BBSS,2020-05-29,160,160,157,159,25320400,2322,0
BBTN,2020-05-29,810,810,760,760,480031200,11266,196938438
BBYB,2020-05-29,220,228,220,224,461000,15,-410000
BCAP,2020-05-29,176,176,172,174,171200,35,-42100
BCIC,2020-05-29,0,0,0,450,0,0,0
BCIP,2020-05-29,50,50,50,50,200,1,0
BDMN,2020-05-29,2560,2560,2430,2440,3245000,968,1893400
BEEF,2020-05-29,220,220,216,220,399300,138,0
BEKS,2020-05-29,50,50,50,50,202100,4,0
BELL,2020-05-29,700,700,700,700,1400,2,0
BESS,2020-05-29,246,254,244,248,7057800,1133,0
BEST,2020-05-29,106,107,100,104,20526700,1436,-2408100
BFIN,2020-05-29,296,320,296,320,4399000,172,174200
BGTG,2020-05-29,50,50,50,50,1200,6,0
BHAT,2020-05-29,380,384,374,384,91599400,2379,0
BHIT,2020-05-29,50,50,50,50,65000,11,65000
BIKA,2020-05-29,202,202,190,190,1600,8,0
BIMA,2020-05-29,0,0,0,50,0,0,0
BINA,2020-05-29,1000,1030,980,1030,2648300,116,0
BIPI,2020-05-29,50,50,50,50,1600,2,0
BIPP,2020-05-29,50,50,50,50,2700,4,0
BIRD,2020-05-29,965,975,955,960,2713900,254,-1174500
BISI,2020-05-29,890,890,880,890,24300,18,0
BJBR,2020-05-29,740,760,720,760,5003500,938,-1545700
BJTM,2020-05-29,498,498,488,488,11321500,2220,1715000
BKDP,2020-05-29,50,50,50,50,200,2,0
BKSL,2020-05-29,50,50,50,50,294600,25,0
BKSW,2020-05-29,64,64,62,63,8000,8,0
BLTA,2020-05-29,0,0,0,50,0,0,0
BLTZ,2020-05-29,0,0,0,3250,0,0,0
BLUE,2020-05-29,498,505,498,500,93900,89,0
BMAS,2020-05-29,266,300,266,286,29200,44,0
BMRI,2020-05-29,4290,4490,4250,4470,175273400,17246,-32584774
BMSR,2020-05-29,54,62,52,53,45000,13,0
BMTR,2020-05-29,196,200,189,189,59358500,1562,23132200
BNBA,2020-05-29,290,294,288,290,124600,16,82000
BNBR,2020-05-29,50,50,50,50,100,1,0
BNGA,2020-05-29,645,650,630,650,2878200,577,-1285700
BNII,2020-05-29,154,156,150,151,205300,84,100
BNLI,2020-05-29,1280,1285,1275,1275,12729000,390,-11079600
BOGA,2020-05-29,1510,1575,1500,1575,100980100,3448,-25283600
BOLA,2020-05-29,178,178,167,170,41000,28,0
BOLT,2020-05-29,0,0,0,665,0,0,0
BOSS,2020-05-29,76,76,73,73,1394000,159,0
BPFI,2020-05-29,0,0,0,1185,0,0,0
BPII,2020-05-29,0,0,0,10000,0,0,0
BPTR,2020-05-29,82,82,77,81,78500,17,0
BRAM,2020-05-29,0,0,0,4980,0,0,0
BRIS,2020-05-29,300,308,298,300,37694900,3373,240800
BRMS,2020-05-29,50,50,50,50,144200,16,-120000
BRNA,2020-05-29,1000,1000,1000,1000,100,1,100
BRPT,2020-05-29,1275,1350,1255,1350,97721500,7521,-14975743
BSDE,2020-05-29,660,690,635,635,593216700,7408,242950679
BSIM,2020-05-29,0,0,0,476,0,0,0
BSIM-W3,2020-05-29,16,17,13,14,8200,0,0
BSSR,2020-05-29,1230,1230,1145,1225,18400,22,0
BSWD,2020-05-29,0,0,0,1750,0,0,0
BTEK,2020-05-29,0,0,0,50,0,0,0
BTEL,2020-05-29,0,0,0,50,0,0,0
BTON,2020-05-29,148,149,148,149,5700,6,0
BTPN,2020-05-29,1870,1870,1830,1840,106700,61,-300
BTPS,2020-05-29,2700,2880,2620,2880,33725300,9095,-14653100
BUDI,2020-05-29,88,89,86,87,465500,51,1700
BUKK,2020-05-29,915,915,855,880,77100,57,-1000
BULL,2020-05-29,224,224,210,218,125883300,2371,23882900
BUMI,2020-05-29,50,50,50,50,2314500,122,-276100
BUVA,2020-05-29,61,61,57,59,28700,25,26300
BVIC,2020-05-29,68,71,65,69,19933000,50,0
BWPT,2020-05-29,79,79,75,77,11412700,309,-2050700
BYAN,2020-05-29,14450,14450,14450,14450,100,1,0
CAKK,2020-05-29,50,50,50,50,200,1,0
CAMP,2020-05-29,206,208,204,206,602600,96,0
CANI,2020-05-29,190,222,190,222,65200,26,0
CARE,2020-05-29,304,312,302,310,55078000,933,95800
CARS,2020-05-29,50,50,50,50,204200,17,0
CASA,2020-05-29,368,368,368,368,24200,5,24200
CASH,2020-05-29,474,480,462,470,3809700,683,0
CASS,2020-05-29,192,202,188,188,875900,95,148600
CBMF,2020-05-29,126,126,110,121,206000,28,0
CCSI,2020-05-29,250,250,246,248,36700,20,0
CEKA,2020-05-29,1695,1705,1685,1705,164100,36,0
CENT,2020-05-29,53,57,53,54,2197000,80,107800
CFIN,2020-05-29,193,197,190,191,44300,32,12500
CINT,2020-05-29,262,270,252,252,197900,31,0
CITA,2020-05-29,1700,1700,1700,1700,49800,3,0
CITY,2020-05-29,52,52,50,52,61700,19,0
CKRA,2020-05-29,0,0,0,76,0,0,0
CLAY,2020-05-29,0,0,0,1900,0,0,0
CLEO,2020-05-29,464,468,462,466,5702600,596,-95500
CLPI,2020-05-29,660,660,660,660,13300,14,0
CMNP,2020-05-29,0,0,0,1355,0,0,0
CMPP,2020-05-29,0,0,0,184,0,0,0
CNKO,2020-05-29,0,0,0,50,0,0,0
CNTB,2020-05-29,0,0,0,250,0,0,0
CNTX,2020-05-29,254,260,254,260,16400,7,0
COCO,2020-05-29,770,830,770,830,3000,9,1000
COWL,2020-05-29,0,0,0,50,0,0,0
CPIN,2020-05-29,5000,5775,5000,5775,20590000,5288,-3822200
CPRI,2020-05-29,50,50,50,50,100,1,0
CPRO,2020-05-29,0,0,0,50,0,0,0
CSAP,2020-05-29,348,350,348,350,500600,7,100000
CSIS,2020-05-29,50,50,50,50,10400,2,0
CSMI,2020-05-29,183,195,183,190,40900,30,0
CSRA,2020-05-29,250,250,238,250,1852400,198,0
CTBN,2020-05-29,0,0,0,2450,0,0,0
CTRA,2020-05-29,560,580,540,575,41047900,2051,-15328100
CTTH,2020-05-29,50,51,50,50,22400,10,0
DADA,2020-05-29,183,183,172,172,22356200,1788,0
DART,2020-05-29,292,292,292,292,100,1,0
DAYA,2020-05-29,560,560,560,560,100,1,0
DEAL,2020-05-29,95,95,84,87,6720600,664,0
DEFI,2020-05-29,0,0,0,1820,0,0,0
DEWA,2020-05-29,0,0,0,50,0,0,0
DFAM,2020-05-29,0,0,0,400,0,0,0
DGIK,2020-05-29,50,50,50,50,100,1,0
DIGI,2020-05-29,0,0,0,1700,0,0,0
DILD,2020-05-29,216,216,206,212,1062900,74,0
DIVA,2020-05-29,840,990,820,940,4265400,1138,-269100
DKFT,2020-05-29,91,96,90,92,2710500,222,0
DLTA,2020-05-29,4380,4400,4350,4350,11300,30,0
DMAS,2020-05-29,139,142,136,140,105589900,2631,13974300
DMMX,2020-05-29,82,107,81,91,71948500,4560,-9199800
DMND,2020-05-29,950,960,950,960,6900,10,600
DNAR,2020-05-29,143,146,143,146,600,4,0
DNET,2020-05-29,3680,3680,3500,3500,3800,6,0
DOID,2020-05-29,133,133,125,126,17959700,1229,178800
DPNS,2020-05-29,204,204,204,204,100,1,0
DPUM,2020-05-29,91,91,87,90,15000,16,0
DSFI,2020-05-29,67,73,67,73,21500,32,0
DSNG,2020-05-29,312,314,310,312,916500,57,-71000
DSSA,2020-05-29,20950,20950,19525,19525,23200,15,0
DUCK,2020-05-29,422,480,416,470,891400,248,-512200
DUTI,2020-05-29,0,0,0,4740,0,0,0
DVLA,2020-05-29,2170,2200,2170,2190,2400,12,0
DWGL,2020-05-29,246,246,246,246,100,1,0
DYAN,2020-05-29,50,50,50,50,1063100,40,0
EAST,2020-05-29,52,52,51,52,655000,70,0
ECII,2020-05-29,665,665,665,665,8000,5,0
EKAD,2020-05-29,920,925,915,925,159200,87,0
ELSA,2020-05-29,198,202,196,197,40767400,2214,651300
ELTY,2020-05-29,50,50,50,50,1000,1,0
EMDE,2020-05-29,197,197,197,197,10100,3,0
EMTK,2020-05-29,4650,4990,4330,4990,106000,30,80000
ENRG,2020-05-29,50,50,50,50,204500,12,0
ENVY,2020-05-29,90,93,88,88,71995000,3580,11691000
EPMT,2020-05-29,1740,1740,1725,1725,11200,7,0
ERAA,2020-05-29,1275,1275,1210,1255,19967900,4609,-1863000
ERTX,2020-05-29,0,0,0,126,0,0,0
ESIP,2020-05-29,163,166,163,163,70300,18,0
ESSA,2020-05-29,149,150,147,148,677700,110,0
ESTA,2020-05-29,86,95,86,91,259100,71,0
ESTI,2020-05-29,50,50,50,50,10000,1,0
ETWA,2020-05-29,66,69,63,64,247100,21,0
EXCL,2020-05-29,2500,2590,2450,2590,39056100,7001,-8440939
FAST,2020-05-29,955,985,925,955,93700,74,79300
FASW,2020-05-29,0,0,0,6850,0,0,0
FILM,2020-05-29,185,195,184,187,4136300,689,-51600
FINN,2020-05-29,0,0,0,50,0,0,0
FIRE,2020-05-29,119,129,116,116,10722100,1059,3806000
FISH,2020-05-29,2800,2800,2800,2800,100,1,0
FITT,2020-05-29,58,58,54,54,11500,7,0
FMII,2020-05-29,0,0,0,680,0,0,0
FOOD,2020-05-29,82,85,80,82,55600,38,0
FORU,2020-05-29,0,0,0,81,0,0,0
FORZ,2020-05-29,0,0,0,50,0,0,0
FPNI,2020-05-29,93,93,89,90,458100,54,-242500
FREN,2020-05-29,98,98,96,97,15654200,904,142300
FUJI,2020-05-29,107,110,101,109,167200,22,0
GAMA,2020-05-29,0,0,0,50,0,0,0
GDST,2020-05-29,53,55,53,53,532100,120,0
GDYR,2020-05-29,1500,1595,1500,1570,5400,3,5000
GEMA,2020-05-29,372,372,364,364,200,2,100
GEMS,2020-05-29,0,0,0,2550,0,0,0
GGRM,2020-05-29,47925,48750,46725,48750,2832100,5249,93200
GGRP,2020-05-29,280,286,270,270,16700,16,600
GHON,2020-05-29,1550,1550,1550,1550,2000,5,0
GIAA,2020-05-29,236,246,230,238,62084800,2391,-173500
GJTL,2020-05-29,370,370,346,354,11747800,2428,-173200
GLOB,2020-05-29,226,226,218,222,20300,12,0
GLVA,2020-05-29,226,260,226,226,115500,23,0
GMFI,2020-05-29,77,78,76,77,3434000,207,0
GMTD,2020-05-29,0,0,0,17000,0,0,0
GOLD,2020-05-29,181,181,181,181,3100,3,0
GOLL,2020-05-29,0,0,0,50,0,0,0
GOOD,2020-05-29,1295,1295,1265,1290,418900,144,0
GPRA,2020-05-29,51,51,50,51,802900,63,254400
GREN,2020-05-29,0,0,0,328,0,0,0
GSMF,2020-05-29,0,0,0,113,0,0,0
GTBO,2020-05-29,75,76,75,75,6800,8,0
GWSA,2020-05-29,82,83,79,83,500600,54,200
GZCO,2020-05-29,50,50,50,50,200,2,0
HADE,2020-05-29,0,0,0,50,0,0,0
HDFA,2020-05-29,0,0,0,160,0,0,0
HDIT,2020-05-29,515,525,515,525,900,5,0
HDTX,2020-05-29,0,0,0,120,0,0,0
HEAL,2020-05-29,3140,3180,3090,3150,301200,106,30200
HELI,2020-05-29,175,175,175,175,18400,4,0
HERO,2020-05-29,950,950,890,890,1300,4,1100
HEXA,2020-05-29,2820,2900,2800,2850,267300,93,-104400
HITS,2020-05-29,535,535,498,535,11400,4,0
HKMU,2020-05-29,65,68,63,63,49962500,1758,-1500000
HMSP,2020-05-29,1915,1945,1900,1940,62635100,9108,-9128100
HOKI,2020-05-29,680,690,670,680,15385400,1172,-166000
HOME,2020-05-29,0,0,0,50,0,0,0
HOTL,2020-05-29,77,77,75,77,500,4,200
HRME,2020-05-29,150,150,150,150,91400,73,0
HRTA,2020-05-29,236,236,230,236,28000,15,0
HRUM,2020-05-29,1240,1240,1200,1215,249600,115,10400
IATA,2020-05-29,50,50,50,50,20000,1,0
IBFN,2020-05-29,0,0,0,320,0,0,0
IBST,2020-05-29,0,0,0,8200,0,0,0
ICBP,2020-05-29,8350,8500,8150,8150,61130900,21078,6446590
ICON,2020-05-29,54,54,53,54,20700,6,0
IDPR,2020-05-29,124,125,121,123,89300,29,0
IFII,2020-05-29,141,142,137,142,270900,68,0
IFSH,2020-05-29,254,256,254,256,200,2,0
IGAR,2020-05-29,242,246,226,240,553600,22,0
IIKP,2020-05-29,0,0,0,50,0,0,0
IKAI,2020-05-29,50,50,50,50,5600,3,0
IKAN,2020-05-29,434,446,430,438,3727200,561,0
IKBI,2020-05-29,202,260,202,240,17700,13,0
IMAS,2020-05-29,494,510,494,505,448900,159,0
IMJS,2020-05-29,128,133,128,131,912200,129,0
IMPC,2020-05-29,1115,1125,1115,1125,691000,36,0
INAF,2020-05-29,1020,1040,1010,1010,1363400,628,700
INAI,2020-05-29,356,358,352,352,600,6,0
INCF,2020-05-29,50,50,50,50,200,2,0
INCI,2020-05-29,372,372,372,372,54800,13,0
INCO,2020-05-29,2880,2900,2740,2780,14212000,3940,-1019300
INDF,2020-05-29,5700,5925,5600,5750,54627900,11944,-2109300
INDO,2020-05-29,73,82,73,80,273100,75,0
INDR,2020-05-29,2320,2320,2200,2270,37300,7,-2200
INDS,2020-05-29,1910,1915,1910,1915,30100,9,-23200
INDX,2020-05-29,50,50,50,50,1800,2,0
INDY,2020-05-29,685,685,640,640,21807400,1807,11003000
INKP,2020-05-29,5100,5250,4980,5250,10451500,2724,-950500
INOV,2020-05-29,318,318,296,318,110200,21,0
INPC,2020-05-29,50,51,50,50,263300,34,0
INPP,2020-05-29,705,730,675,705,26600,55,0
INPS,2020-05-29,3300,3300,3150,3230,653400,39,1400
INRU,2020-05-29,855,855,850,850,35900,2,0
INTA,2020-05-29,246,262,246,258,25100,5,0
INTD,2020-05-29,0,0,0,232,0,0,0
INTP,2020-05-29,12100,12500,11800,12100,30167800,6089,10540700
IPCC,2020-05-29,334,340,326,338,2847000,399,-908000
IPCM,2020-05-29,175,180,175,180,58900,25,0
IPOL,2020-05-29,64,64,62,64,72800,17,0
IPTV,2020-05-29,384,384,380,382,10642700,9571,-715600
IRRA,2020-05-29,550,555,540,545,2663300,242,0
ISAT,2020-05-29,2100,2110,2010,2020,4670700,1681,614800
ISSP,2020-05-29,120,123,118,121,6366800,540,-134200
ITIC,2020-05-29,1910,1920,1820,1830,411700,730,71600
ITMA,2020-05-29,0,0,0,410,0,0,0
ITMG,2020-05-29,8225,8225,8000,8100,2493600,2683,651400
JAST,2020-05-29,101,111,101,103,11220400,1173,4940100
JAWA,2020-05-29,69,69,69,69,100,1,0
JAYA,2020-05-29,58,60,57,58,281000,222,0
JECC,2020-05-29,0,0,0,6950,0,0,0
JGLE,2020-05-29,0,0,0,50,0,0,0
JIHD,2020-05-29,0,0,0,456,0,0,0
JKON,2020-05-29,0,0,0,420,0,0,0
JKSW,2020-05-29,0,0,0,60,0,0,0
JMAS,2020-05-29,170,218,168,199,72800,30,100
JPFA,2020-05-29,920,920,900,900,60298000,5862,3254300
JRPT,2020-05-29,418,422,408,418,256500,288,127100
JSKY,2020-05-29,69,81,69,79,17749300,1416,0
JSMR,2020-05-29,3850,3870,3550,3550,188892300,11360,76915033
JSPT,2020-05-29,0,0,0,990,0,0,0
JTPE,2020-05-29,690,745,690,745,618300,92,0
KAEF,2020-05-29,1170,1195,1160,1160,5110700,1371,18300
KARW,2020-05-29,52,52,50,50,160400,9,200
KAYU,2020-05-29,50,51,50,50,1147900,102,0
KBAG,2020-05-29,300,300,292,294,22410400,4500,0
KBLI,2020-05-29,388,390,384,386,1957900,142,0
KBLM,2020-05-29,320,330,298,300,223400,135,38900
KBLV,2020-05-29,330,330,330,330,300,1,0
KBRI,2020-05-29,0,0,0,50,0,0,0
KDSI,2020-05-29,800,800,775,785,3900,10,0
KEEN,2020-05-29,252,280,250,280,2413000,85,0
KEJU,2020-05-29,800,900,800,860,508200,233,0
KIAS,2020-05-29,50,50,50,50,500,1,0
KICI,2020-05-29,242,242,216,216,400,3,0
KIJA,2020-05-29,148,148,140,140,2815700,176,-153000
KINO,2020-05-29,2560,2760,2540,2660,1884500,633,27400
KIOS,2020-05-29,165,165,165,165,100,1,0
KJEN,2020-05-29,1175,1175,1175,1175,100,1,0
KKGI,2020-05-29,210,210,196,208,24200,22,0
KLBF,2020-05-29,1360,1460,1355,1415,206001100,15706,14058000
KMTR,2020-05-29,220,244,220,234,6000,12,-300
KOBX,2020-05-29,90,94,86,91,394200,100,0
KOIN,2020-05-29,0,0,0,100,0,0,0
KONI,2020-05-29,0,0,0,428,0,0,0
KOPI,2020-05-29,555,555,550,555,11300,4,0
KOTA,2020-05-29,680,700,670,700,14983100,764,0
KPAL,2020-05-29,51,59,51,57,5829000,505,0
KPAS,2020-05-29,50,51,50,50,1122200,104,0
KPIG,2020-05-29,114,114,113,114,431400,26,-26883200
KRAH,2020-05-29,394,520,394,510,4800,10,0
KRAS,2020-05-29,176,208,175,192,273589100,11425,99279998
KREN,2020-05-29,68,79,68,69,100295000,4447,36129134
LAND,2020-05-29,300,318,286,318,62300,37,0
LAPD,2020-05-29,0,0,0,50,0,0,0
LCGP,2020-05-29,0,0,0,114,0,0,0
LCKM,2020-05-29,0,0,0,356,0,0,0
LEAD,2020-05-29,50,50,50,50,500,1,0
LIFE,2020-05-29,0,0,0,4950,0,0,0
LINK,2020-05-29,2560,2560,2410,2410,748200,194,219900
LION,2020-05-29,222,236,222,236,2800,5,0
LMAS,2020-05-29,0,0,0,50,0,0,0
LMPI,2020-05-29,76,90,76,88,10200,17,0
LMSH,2020-05-29,226,242,226,242,200,2,0
LPCK,2020-05-29,730,745,705,705,1154000,234,325000
LPGI,2020-05-29,0,0,0,3980,0,0,0
LPIN,2020-05-29,197,200,197,200,44300,13,0
LPKR,2020-05-29,170,188,166,184,103082600,3214,-27092800
LPLI,2020-05-29,85,85,75,78,3400,15,0
LPPF,2020-05-29,1475,1520,1430,1450,15973700,3910,1704300
LPPS,2020-05-29,66,72,66,72,11500,5,0
LRNA,2020-05-29,0,0,0,148,0,0,0
LSIP,2020-05-29,710,730,690,690,30637600,3061,7044322
LTLS,2020-05-29,416,418,406,410,318700,233,-100
LUCK,2020-05-29,306,336,306,320,1262600,276,46900
MABA,2020-05-29,0,0,0,50,0,0,0
MAGP,2020-05-29,0,0,0,50,0,0,0
MAIN,2020-05-29,520,520,505,505,5006300,780,519200
MAMI,2020-05-29,50,50,50,50,200,1,0
MAMIP,2020-05-29,0,0,0,600,0,0,0
MAPA,2020-05-29,2400,2400,2300,2380,9898600,2297,8010700
MAPB,2020-05-29,1565,1565,1560,1560,1800,5,0
MAPI,2020-05-29,760,760,715,725,47422700,2081,18303200
MARI,2020-05-29,130,136,128,136,535800,21,0
MARK,2020-05-29,550,575,545,565,8364300,452,350000
MASA,2020-05-29,372,402,372,402,6300,5,0
MAYA,2020-05-29,0,0,0,6500,0,0,0
MBAP,2020-05-29,1620,1620,1580,1580,15600,28,0
MBSS,2020-05-29,304,308,300,306,748000,142,-10000
MBTO,2020-05-29,55,59,55,59,2300,6,0
MCAS,2020-05-29,960,1040,885,965,5837300,1694,-1265900
MCOR,2020-05-29,118,119,117,118,901900,115,100
MDIA,2020-05-29,50,50,50,50,700,3,0
MDKA,2020-05-29,1255,1325,1240,1300,74595400,5922,-19125400
MDKI,2020-05-29,126,130,120,130,327400,48,0
MDLN,2020-05-29,61,66,61,62,134055100,1968,6990000
MDRN,2020-05-29,0,0,0,50,0,0,0
MEDC,2020-05-29,454,458,440,440,51049500,2971,751100
MEGA,2020-05-29,6300,6500,6300,6500,88800,17,20100
MERK,2020-05-29,2140,2200,2080,2190,93900,57,-2500
META,2020-05-29,94,97,91,95,1381400,74,0
MFIN,2020-05-29,880,880,820,820,11100,9,6300
MFMI,2020-05-29,505,550,505,505,3100,11,0
MGNA,2020-05-29,0,0,0,50,0,0,0
MGRO,2020-05-29,700,700,680,680,3623500,303,-6600
MICE,2020-05-29,302,304,292,300,10100,16,0
MIDI,2020-05-29,1495,1495,1435,1435,2300,10,0
MIKA,2020-05-29,2360,2400,2330,2370,1910100,928,-992100
MINA,2020-05-29,50,50,50,50,30300,5,0
MIRA,2020-05-29,0,0,0,50,0,0,0
MITI,2020-05-29,0,0,0,51,0,0,0
MKNT,2020-05-29,50,50,50,50,601100,43,0
MKPI,2020-05-29,0,0,0,15850,0,0,0
MLBI,2020-05-29,10000,10000,9925,9950,30800,31,0
MLIA,2020-05-29,478,500,472,500,9677800,426,-143200
MLPL,2020-05-29,50,51,50,50,651700,37,0
MLPT,2020-05-29,570,580,535,535,179500,57,18200
MMLP,2020-05-29,140,143,139,142,19700,39,0
MNCN,2020-05-29,885,910,850,850,98888500,7330,8405600
MOLI,2020-05-29,1065,1125,1060,1125,142300,20,0
MPMX,2020-05-29,615,635,615,635,32185800,2433,-6348400
MPOW,2020-05-29,55,60,55,59,151200,60,0
MPPA,2020-05-29,112,114,110,110,789300,88,-160000
MPRO,2020-05-29,855,855,855,855,100,1,0
MRAT,2020-05-29,130,130,122,130,134400,18,100000
MREI,2020-05-29,0,0,0,6950,0,0,0
MSIN,2020-05-29,304,304,300,300,167300,18,-300
MSKY,2020-05-29,0,0,0,1000,0,0,0
MTDL,2020-05-29,1320,1330,1300,1305,235800,176,26300
MTFN,2020-05-29,0,0,0,50,0,0,0
MTLA,2020-05-29,0,0,0,400,0,0,0
MTPS,2020-05-29,140,150,140,140,65100,39,0
MTRA,2020-05-29,0,0,0,244,0,0,0
MTSM,2020-05-29,156,156,156,156,100,1,0
MTWI,2020-05-29,50,51,50,50,112100,6,0
MYOH,2020-05-29,890,890,850,860,145800,86,135100
MYOR,2020-05-29,2180,2220,2170,2200,5176400,1235,-1099400
MYRX,2020-05-29,0,0,0,50,0,0,0
MYRXP,2020-05-29,0,0,0,50,0,0,0
MYTX,2020-05-29,55,55,50,50,179300,18,0
NASA,2020-05-29,192,220,192,220,45900,30,4500
NATO,2020-05-29,545,545,510,535,41562500,1079,-181200
NELY,2020-05-29,156,156,137,147,7800,11,0
NFCX,2020-05-29,1210,1210,1130,1200,698000,80,-22900
NICK,2020-05-29,300,308,300,308,2600,7,0
NIKL,2020-05-29,412,418,406,406,563000,212,78600
NIPS,2020-05-29,0,0,0,282,0,0,0
NIRO,2020-05-29,150,150,137,143,1001400,18,0
NISP,2020-05-29,685,700,685,700,50000,16,46500
NOBU,2020-05-29,720,720,635,635,200,2,0
NRCA,2020-05-29,332,338,332,338,604500,46,0
NUSA,2020-05-29,50,50,50,50,200,1,0
NZIA,2020-05-29,147,147,130,130,3300,10,0
OASA,2020-05-29,340,340,340,340,1200,2,0
OCAP,2020-05-29,150,150,150,150,100,1,0
OKAS,2020-05-29,75,81,74,75,3232200,246,0
OMRE,2020-05-29,338,338,338,338,100,1,0
OPMS,2020-05-29,94,96,94,95,871400,91,0
PADI,2020-05-29,50,50,50,50,21200,4,0
PALM,2020-05-29,208,220,199,200,5600,6,5000
PAMG,2020-05-29,62,75,62,66,9251400,950,0
PANI,2020-05-29,71,72,71,72,2200,4,0
PANR,2020-05-29,99,117,93,93,16070700,1303,0
PANS,2020-05-29,760,760,745,745,1046700,120,988000
PBID,2020-05-29,895,900,890,900,68300,8,-19900
PBRX,2020-05-29,256,288,256,264,4780500,264,-4094000
PBSA,2020-05-29,0,0,0,750,0,0,0
PCAR,2020-05-29,218,218,218,218,500,3,0
PDES,2020-05-29,410,410,410,410,800,4,0
PEGE,2020-05-29,0,0,0,150,0,0,0
PEHA,2020-05-29,1005,1020,1005,1010,39000,15,0
PGAS,2020-05-29,855,860,835,860,266711300,11239,-35170900
PGJO,2020-05-29,96,96,85,89,2600,9,0
PGLI,2020-05-29,0,0,0,298,0,0,0
PICO,2020-05-29,145,161,145,159,146800,61,0
PJAA,2020-05-29,466,484,466,466,139100,49,0
PKPK,2020-05-29,52,52,50,50,1300,2,0
PLAS,2020-05-29,0,0,0,50,0,0,0
PLIN,2020-05-29,2190,2200,2090,2200,15100,15,3100
PMJS,2020-05-29,126,126,126,126,621900,11,0
PNBN,2020-05-29,720,745,710,740,8320200,848,68100
PNBS,2020-05-29,50,50,50,50,104800,18,0
PNIN,2020-05-29,760,810,760,790,1800,5,-1100
PNLF,2020-05-29,170,172,168,168,14928300,360,2289600
PNSE,2020-05-29,570,570,570,570,200,1,0
POLA,2020-05-29,58,60,54,54,1560400,360,0
POLI,2020-05-29,1110,1110,960,1050,104000,21,0
POLL,2020-05-29,8400,8525,7825,7825,16700,64,1600
POLU,2020-05-29,750,750,705,705,1600,6,0
POLY,2020-05-29,50,50,50,50,1000,1,0
POOL,2020-05-29,50,50,50,50,700,3,0
PORT,2020-05-29,0,0,0,640,0,0,0
POSA,2020-05-29,50,50,50,50,500,2,0
POWR,2020-05-29,595,595,590,595,9787000,213,7694300
PPRE,2020-05-29,196,196,192,196,20870400,1266,498800
PPRO,2020-05-29,50,50,50,50,6899700,233,5512662
PRAS,2020-05-29,150,150,150,150,100,1,0
PRDA,2020-05-29,3160,3160,3130,3130,18400,29,14900
PRIM,2020-05-29,304,304,280,280,1400,4,0
PSAB,2020-05-29,188,194,188,189,18419200,1057,2704200
PSDN,2020-05-29,0,0,0,122,0,0,0
PSGO,2020-05-29,103,110,103,110,55100,5,0
PSKT,2020-05-29,0,0,0,50,0,0,0
PSSI,2020-05-29,140,141,140,141,12800,15,0
PTBA,2020-05-29,2090,2090,1945,1945,364481600,14570,181179300
PTIS,2020-05-29,173,188,173,188,14600,12,0
PTPP,2020-05-29,730,740,710,725,36144800,3713,-2570442
PTPW,2020-05-29,785,815,780,815,2951800,440,0
PTRO,2020-05-29,1215,1220,1205,1220,229300,168,2200
PTSN,2020-05-29,156,194,156,161,36392400,3911,2343000
PTSP,2020-05-29,0,0,0,3700,0,0,0
PUDP,2020-05-29,0,0,0,220,0,0,0
PURA,2020-05-29,70,76,70,75,56457600,36524,-84900
PURE,2020-05-29,89,97,89,93,2105600,311,0
PWON,2020-05-29,376,402,362,362,1604680400,16003,636790284
PYFA,2020-05-29,450,464,450,460,932300,182,0
PZZA,2020-05-29,730,750,710,725,313500,110,115700
R-ABFII,2020-05-29,0,0,0,28600,0,0,0
RAJA,2020-05-29,97,100,94,95,19769500,1639,173600
RALS,2020-05-29,600,605,570,570,25607500,1627,20027000
RANC,2020-05-29,340,340,340,340,100,1,0
RBMS,2020-05-29,50,50,50,50,50400,3,0
RDTX,2020-05-29,0,0,0,4560,0,0,0
REAL,2020-05-29,51,54,51,54,14375900,3941,3000
RELI,2020-05-29,0,0,0,288,0,0,0
RICY,2020-05-29,97,100,94,100,22500,17,22000
RIGS,2020-05-29,204,204,194,194,2200,7,0
RIMO,2020-05-29,0,0,0,50,0,0,0
RISE,2020-05-29,422,426,422,426,455000,104,0
RMBA,2020-05-29,248,248,234,236,1900,4,0
RODA,2020-05-29,50,50,50,50,530900,4,0
RONY,2020-05-29,169,178,165,166,8000,19,0
ROTI,2020-05-29,1260,1280,1240,1275,430000,55,283200
RUIS,2020-05-29,170,170,165,170,21800,11,0
SAFE,2020-05-29,190,192,189,192,300200,59,0
SAME,2020-05-29,108,108,100,103,11497800,28,0
SAMF,2020-05-29,412,416,410,412,395600,124,0
SAPX,2020-05-29,0,0,0,1460,0,0,0
SATU,2020-05-29,50,50,50,50,100,1,0
SBAT,2020-05-29,106,108,103,106,11192000,1065,0
SCCO,2020-05-29,0,0,0,9225,0,0,0
SCMA,2020-05-29,955,1000,930,1000,34858300,2376,-13730600
SCPI,2020-05-29,0,0,0,29000,0,0,0
SDMU,2020-05-29,0,0,0,50,0,0,0
SDPC,2020-05-29,95,95,93,93,3100,2,0
SDRA,2020-05-29,930,930,875,900,1500,5,0
SFAN,2020-05-29,635,640,635,640,400,3,0
SGRO,2020-05-29,2320,2340,2320,2340,37800,6,0
SHID,2020-05-29,3500,3500,3500,3500,200,1,0
SHIP,2020-05-29,600,615,560,560,366900,103,0
SIDO,2020-05-29,1245,1250,1220,1220,3385400,1366,784900
SILO,2020-05-29,5500,5500,5475,5475,800,4,-100
SIMA,2020-05-29,0,0,0,50,0,0,0
SIMP,2020-05-29,204,206,202,202,6934700,410,-26300
SINI,2020-05-29,800,800,800,800,17800,9,-15000
SIPD,2020-05-29,1210,1210,1210,1210,100,1,0
SKBM,2020-05-29,0,0,0,360,0,0,0
SKLT,2020-05-29,0,0,0,1610,0,0,0
SKRN,2020-05-29,650,650,605,615,1069900,378,0
SKYB,2020-05-29,0,0,0,51,0,0,0
SLIS,2020-05-29,5250,5300,5075,5275,217600,50,0
SMAR,2020-05-29,2790,2790,2780,2780,1200,2,0
SMBR,2020-05-29,290,296,286,288,5813400,987,-7900
SMCB,2020-05-29,1015,1015,1000,1000,135800,43,80000
SMDM,2020-05-29,105,105,98,98,5100,2,0
SMDR,2020-05-29,143,144,142,143,40900,17,0
SMGR,2020-05-29,9600,9825,9400,9800,12320400,3308,-7915500
SMKL,2020-05-29,0,0,0,180,0,0,0
SMMA,2020-05-29,12250,12250,12250,12250,200,1,0
SMMT,2020-05-29,79,83,78,83,10300,15,0
SMRA,2020-05-29,454,472,444,464,50214200,2591,-12585900
SMRU,2020-05-29,0,0,0,50,0,0,0
SMSM,2020-05-29,1125,1160,1070,1070,2268200,802,722600
SOCI,2020-05-29,146,146,127,131,8156800,658,-50000
SONA,2020-05-29,0,0,0,5000,0,0,0
SOSS,2020-05-29,392,410,390,402,1047800,45,0
SOTS,2020-05-29,208,208,199,199,200,2,0
SPMA,2020-05-29,278,280,278,278,1100,3,0
SPTO,2020-05-29,486,490,480,480,275500,71,206000
SQMI,2020-05-29,186,191,182,186,1352600,224,0
SRAJ,2020-05-29,135,135,130,131,73500,27,0
SRIL,2020-05-29,148,152,142,142,166185400,2106,115808500
SRSN,2020-05-29,54,55,52,53,2444500,122,0
SRTG,2020-05-29,2800,2820,2750,2820,147000,111,-49200
SSIA,2020-05-29,296,312,292,312,76906300,3445,3816900
SSMS,2020-05-29,895,905,835,835,1578200,197,858700
SSTM,2020-05-29,0,0,0,615,0,0,0
STAR,2020-05-29,0,0,0,138,0,0,0
STTP,2020-05-29,8400,8400,8300,8300,300,2,0
SUGI,2020-05-29,0,0,0,50,0,0,0
SULI,2020-05-29,0,0,0,50,0,0,0
SUPR,2020-05-29,0,0,0,4000,0,0,0
SURE,2020-05-29,0,0,0,2900,0,0,0
SWAT,2020-05-29,95,95,93,94,2247600,134,0
TALF,2020-05-29,250,280,250,250,8700,8,0
TAMA,2020-05-29,165,165,163,163,300,3,0
TAMU,2020-05-29,62,62,62,62,12011600,69,6956150
TARA,2020-05-29,0,0,0,198,0,0,0
TAXI,2020-05-29,50,50,50,50,100,1,0
TBIG,2020-05-29,1050,1070,1045,1060,36352500,1665,-2046900
TBLA,2020-05-29,540,555,498,498,26968600,825,17729200
TBMS,2020-05-29,600,630,600,630,300,2,0
TCID,2020-05-29,7625,7875,7625,7875,700,6,0
TCPI,2020-05-29,5150,5200,4870,5200,8849900,6353,217000
TDPM,2020-05-29,92,94,86,86,9538700,612,277500
TEBE,2020-05-29,0,0,0,1615,0,0,0
TELE,2020-05-29,119,120,114,116,22756800,1265,3054800
TFAS,2020-05-29,166,166,147,157,170300,78,0
TFCO,2020-05-29,460,460,450,450,700,2,0
TGKA,2020-05-29,0,0,0,6000,0,0,0
TGRA,2020-05-29,70,74,69,72,903900,129,0
TIFA,2020-05-29,0,0,0,200,0,0,0
TINS,2020-05-29,470,480,444,444,56041900,1951,31701557
TIRA,2020-05-29,278,278,278,278,6200,5,0
TIRT,2020-05-29,53,55,52,54,9900,7,0
TKIM,2020-05-29,4280,4280,3970,3970,109763500,15588,47435471
TLKM,2020-05-29,3100,3150,3080,3150,276092100,24416,41292526
TMAS,2020-05-29,91,93,89,91,934800,82,0
TMPO,2020-05-29,127,127,127,127,800,2,0
TNCA,2020-05-29,234,248,234,238,1000,6,0
TOBA,2020-05-29,334,336,334,336,20500,8,0
TOPS,2020-05-29,50,50,50,50,16400,7,16400
TOTL,2020-05-29,274,280,270,272,4198600,246,2243800
TOTO,2020-05-29,216,224,216,216,133500,16,-122700
TOWR,2020-05-29,925,960,905,955,86274800,4727,-24621200
TPIA,2020-05-29,7250,7400,7250,7325,3483300,1376,20800
TPMA,2020-05-29,0,0,0,226,0,0,0
TRAM,2020-05-29,0,0,0,50,0,0,0
TRIL,2020-05-29,0,0,0,50,0,0,0
TRIM,2020-05-29,128,128,122,122,3500,6,0
TRIN,2020-05-29,284,288,268,278,13223700,1026,0
TRIO,2020-05-29,0,0,0,426,0,0,0
TRIS,2020-05-29,242,242,242,242,100,1,0
TRST,2020-05-29,0,0,0,352,0,0,0
TRUK,2020-05-29,102,102,102,102,166300,27,0
TRUS,2020-05-29,354,354,350,350,1400,4,0
TSPC,2020-05-29,1195,1200,1160,1200,233100,39,-144500
TUGU,2020-05-29,2850,2850,2520,2820,143600,66,-127300
TURI,2020-05-29,0,0,0,1410,0,0,0
UCID,2020-05-29,1540,1560,1515,1560,283700,188,69600
ULTJ,2020-05-29,1530,1635,1520,1520,1533500,609,-87700
UNIC,2020-05-29,3050,3050,3050,3050,100,1,100
UNIT,2020-05-29,148,150,139,139,7100,7,0
UNSP,2020-05-29,51,51,50,50,356100,44,0
UNTR,2020-05-29,15175,15700,14725,15700,8249800,5209,-2429600
UNVR,2020-05-29,8050,8125,7750,7750,90601000,10099,6475396
URBN,2020-05-29,1670,1675,1665,1675,160900,21,0
VICO,2020-05-29,116,116,116,116,2868900,7142,0
VINS,2020-05-29,111,114,105,109,65600,44,0
VIVA,2020-05-29,50,50,50,50,400,4,0
VOKS,2020-05-29,248,250,242,242,16900,11,0
VRNA,2020-05-29,135,135,126,134,400,4,0
WAPO,2020-05-29,0,0,0,67,0,0,0
WEGE,2020-05-29,163,165,160,160,15173800,1061,3443100
WEHA,2020-05-29,107,111,104,110,9073000,1271,0
WICO,2020-05-29,600,625,600,625,43300,6,0
WIIM,2020-05-29,152,152,131,131,10391900,797,-3000
WIKA,2020-05-29,1085,1090,1055,1085,30332800,2961,-2206500
WINS,2020-05-29,63,73,63,73,492400,22,-2000
WOMF,2020-05-29,193,193,189,190,278100,108,0
WOOD,2020-05-29,336,360,334,336,42590000,2665,-390100
WOWS,2020-05-29,50,50,50,50,41700,10,0
WSBP,2020-05-29,155,155,151,151,46496900,1603,5691800
WSKT,2020-05-29,615,625,605,610,40143000,2883,-1849000
WTON,2020-05-29,234,234,226,228,7713800,817,14200
XMJM,2020-05-29,0,0,0,1001,0,0,0
XPMI,2020-05-29,0,0,0,710,0,0,0
XSMU,2020-05-29,99,99,99,99,1300,0,0
XSPI,2020-05-29,0,0,0,750,0,0,0
YELO,2020-05-29,50,50,50,50,80900,6,0
YPAS,2020-05-29,550,550,550,550,100,1,0
YULE,2020-05-29,186,186,186,186,100,1,0
ZBRA,2020-05-29,0,0,0,50,0,0,0
ZINC,2020-05-29,142,143,136,136,78736900,927,813600
ZONE,2020-05-29,418,418,414,416,22100,13,0
