AALI,2020-01-02,14550,14650,14025,14025,799000,888,-147500
ABBA,2020-01-02,106,108,105,105,6340800,624,21600
ABDA,2020-01-02,7075,7075,6925,6925,1700,6,1600
ABMM,2020-01-02,0,0,0,1530,0,0,0
ACES,2020-01-02,1500,1535,1500,1510,13727900,3295,2320200
ACST,2020-01-02,970,1010,965,995,48900,56,-100
ADES,2020-01-02,1045,1045,1045,1045,400,3,0
ADHI,2020-01-02,1180,1190,1155,1170,5113900,1224,258900
ADMF,2020-01-02,10400,10450,10375,10425,20000,35,10400
ADMG,2020-01-02,186,188,186,187,46500,21,0
ADRO,2020-01-02,1555,1555,1490,1495,76612000,8570,-8489458
AGAR,2020-01-02,396,396,390,392,127500,32,0
AGII,2020-01-02,670,670,650,650,185800,112,-6100
AGRO,2020-01-02,199,204,197,197,2467200,541,0
AGRS,2020-01-02,135,178,135,150,418600,222,0
AHAP,2020-01-02,60,65,57,58,357100,64,0
AIMS,2020-01-02,0,0,0,180,0,0,0
AISA,2020-01-02,0,0,0,168,0,0,0
AKKU,2020-01-02,50,50,50,50,72000,17,0
AKPI,2020-01-02,370,428,370,380,13300,10,-200
AKRA,2020-01-02,3950,3990,3850,3900,10907300,1763,134393
AKSI,2020-01-02,1100,1200,1100,1150,384500,27,-12000
ALDO,2020-01-02,386,410,386,400,18200,14,0
ALKA,2020-01-02,418,418,410,410,12800,8,0
ALMI,2020-01-02,0,0,0,358,0,0,0
ALTO,2020-01-02,398,398,398,398,13394500,7,0
AMAG,2020-01-02,296,296,296,296,400,1,0
AMFG,2020-01-02,3430,4280,3430,3540,78100,35,31000
AMIN,2020-01-02,312,312,308,310,2600,9,0
AMRT,2020-01-02,870,880,855,875,9600,26,-1000
ANDI,2020-01-02,50,66,50,53,427504900,18306,4541000
ANJT,2020-01-02,965,1000,965,1000,90100,6,39600
ANTM,2020-01-02,845,850,825,840,26829200,3226,929200
APEX,2020-01-02,0,0,0,346,0,0,0
APIC,2020-01-02,690,700,680,685,22076600,2650,398200
APII,2020-01-02,180,180,161,168,15400,13,0
APLI,2020-01-02,179,179,174,175,219200,29,800
APLN,2020-01-02,177,179,175,178,6813300,509,355500
APOL,2020-01-02,0,0,0,50,0,0,0
ARGO,2020-01-02,0,0,0,825,0,0,0
ARII,2020-01-02,715,715,715,715,15000,3,0
ARKA,2020-01-02,2090,2090,1990,2070,422700,601,0
ARMY,2020-01-02,0,0,0,50,0,0,0
ARNA,2020-01-02,434,450,432,440,141500,60,98100
ARTA,2020-01-02,0,0,0,450,0,0,0
ARTI,2020-01-02,50,50,50,50,500,3,0
ARTO,2020-01-02,3200,3300,3030,3100,96700,130,-44700
ASBI,2020-01-02,304,304,304,304,700,2,700
ASDM,2020-01-02,1090,1095,1090,1095,600,3,0
ASGR,2020-01-02,950,995,940,945,439700,88,279300
ASII,2020-01-02,6925,6925,6775,6875,15008600,3370,2102200
ASJT,2020-01-02,120,125,114,121,718100,173,0
ASMI,2020-01-02,1265,1265,1215,1240,16800,35,-298200
ASRI,2020-01-02,238,240,236,238,3323600,647,1637900
ASRM,2020-01-02,0,0,0,2010,0,0,0
ASSA,2020-01-02,740,745,715,720,7695000,364,117600
ATIC,2020-01-02,0,0,0,640,0,0,0
AUTO,2020-01-02,1250,1325,1250,1300,5053900,1263,1249200
BABP,2020-01-02,50,50,50,50,29300,4,0
BABP-W3,2020-01-02,45,45,45,45,2200,0,0
BABP-W4,2020-01-02,12,17,12,15,14238600,0,0
BACA,2020-01-02,300,304,300,300,6731200,1116,1600
BAJA,2020-01-02,61,62,61,62,141500,18,0
BALI,2020-01-02,1100,1100,900,900,19000,30,-5000
BAPA,2020-01-02,71,74,69,69,33270500,57,0
BAPI,2020-01-02,50,50,50,50,55700,26,0
BATA,2020-01-02,650,650,645,645,400,3,0
BAYU,2020-01-02,1150,1200,1150,1200,6300,7,-200
BBCA,2020-01-02,33475,33900,33400,33450,9889000,5388,-7494478
BBHI,2020-01-02,125,139,110,117,272100,25,0
BBKP,2020-01-02,224,242,222,242,16778700,1073,304600
BBLD,2020-01-02,0,0,0,404,0,0,0
BBMD,2020-01-02,0,0,0,2800,0,0,0
BBNI,2020-01-02,7875,7875,7775,7775,9301300,5153,810542
BBRI,2020-01-02,4400,4410,4360,4410,41714100,6352,-8984906
BBRM,2020-01-02,0,0,0,50,0,0,0
BBTN,2020-01-02,2150,2150,2110,2130,5433500,1471,-3935000
BBYB,2020-01-02,278,280,278,280,171000,10,-170700
BCAP,2020-01-02,141,150,140,141,275400,73,34200
BCIC,2020-01-02,0,0,0,450,0,0,0
BCIP,2020-01-02,64,65,60,60,1548600,106,0
BDMN,2020-01-02,3950,3990,3920,3960,1140900,695,-57100
BEEF,2020-01-02,404,404,386,392,1672800,291,34400
BEKS,2020-01-02,50,50,50,50,3200,7,0
BELL,2020-01-02,525,525,525,525,68900,24,0
BEST,2020-01-02,216,218,204,208,10256700,645,2164700
BFIN,2020-01-02,560,570,555,555,85500,29,5900
BGTG,2020-01-02,66,66,62,64,1623700,184,0
BHIT,2020-01-02,64,64,63,64,4770900,169,628100
BIKA,2020-01-02,152,152,152,152,100,1,0
BIMA,2020-01-02,50,59,50,50,4960300,834,0
BINA,2020-01-02,830,830,820,820,23200,15,0
BIPI,2020-01-02,50,50,50,50,93300,71,0
BIPP,2020-01-02,50,67,50,50,1828400,538,0
BIRD,2020-01-02,2490,2610,2400,2600,631100,348,-6800
BISI,2020-01-02,1050,1050,1035,1040,83800,38,2600
BJBR,2020-01-02,1185,1210,1130,1175,6193900,1992,-78200
BJTM,2020-01-02,685,685,680,680,1581400,456,740200
BKDP,2020-01-02,61,61,55,60,31700,8,0
BKSL,2020-01-02,85,87,82,83,35498100,1118,6644900
BKSW,2020-01-02,168,168,130,149,6800,5,0
BLTA,2020-01-02,50,50,50,50,100,1,0
BLTZ,2020-01-02,0,0,0,3000,0,0,0
BLUE,2020-01-02,525,530,515,515,83100,134,0
BMAS,2020-01-02,356,356,348,348,200,2,0
BMRI,2020-01-02,7675,7775,7650,7750,18689900,4495,-2905951
BMSR,2020-01-02,111,112,106,106,38400,17,0
BMTR,2020-01-02,350,352,340,344,6857800,804,1152100
BNBA,2020-01-02,320,320,314,318,36700,40,10000
BNBR,2020-01-02,50,50,50,50,93000,6,0
BNGA,2020-01-02,970,975,960,965,470600,210,81900
BNII,2020-01-02,206,208,206,208,129400,44,0
BNLI,2020-01-02,1270,1270,1255,1260,5081300,743,1767000
BOGA,2020-01-02,1330,1340,1330,1330,11000200,1798,-44600
BOLA,2020-01-02,332,332,312,324,20800,39,0
BOLT,2020-01-02,840,840,830,840,100200,95,0
BORN,2020-01-02,0,0,0,50,0,0,0
BOSS,2020-01-02,172,180,170,171,375700,146,0
BPFI,2020-01-02,0,0,0,1310,0,0,0
BPII,2020-01-02,10000,10000,10000,10000,1800,1,0
BPTR,2020-01-02,88,92,88,92,29000,10,0
BRAM,2020-01-02,0,0,0,10800,0,0,0
BRIS,2020-01-02,330,336,330,332,1456400,392,5800
BRMS,2020-01-02,52,52,50,51,20436600,223,-5202000
BRNA,2020-01-02,1030,1030,1030,1030,100,1,100
BRPT,2020-01-02,1510,1515,1400,1465,51385300,6232,3125600
BSDE,2020-01-02,1255,1270,1250,1270,4199900,1008,509000
BSIM,2020-01-02,530,580,530,580,200,2,0
BSIM-W3,2020-01-02,40,40,40,40,100,0,0
BSSR,2020-01-02,0,0,0,1820,0,0,0
BSWD,2020-01-02,0,0,0,1750,0,0,0
BTEK,2020-01-02,50,50,50,50,16600,5,0
BTEL,2020-01-02,0,0,0,50,0,0,0
BTON,2020-01-02,210,210,204,204,3500,8,0
BTPN,2020-01-02,3250,3250,3200,3250,3700,15,0
BTPS,2020-01-02,4250,4250,4100,4160,2564000,1970,424400
BUDI,2020-01-02,103,103,102,102,756700,32,0
BUKK,2020-01-02,1460,1460,1450,1450,1700,7,0
BULL,2020-01-02,164,164,160,160,6132700,163,-70000
BUMI,2020-01-02,66,67,66,66,46639800,771,7720600
BUVA,2020-01-02,76,80,76,77,73200,14,0
BVIC,2020-01-02,74,85,74,80,3112600,188,-20000
BWPT,2020-01-02,156,162,144,153,130149300,5536,-3026300
BYAN,2020-01-02,0,0,0,15900,0,0,0
CAKK,2020-01-02,70,74,66,69,397900,159,0
CAMP,2020-01-02,374,376,370,374,969700,196,0
CANI,2020-01-02,0,0,0,162,0,0,0
CARS,2020-01-02,176,184,175,182,23200,12,0
CASA,2020-01-02,418,418,412,416,10534500,1582,137000
CASS,2020-01-02,600,600,560,560,200,2,100
CCSI,2020-01-02,260,264,258,258,505300,317,0
CEKA,2020-01-02,1675,1980,1675,1715,152600,172,1800
CENT,2020-01-02,73,83,73,81,21842200,448,-47900
CFIN,2020-01-02,276,280,270,276,127500,32,86200
CINT,2020-01-02,300,300,276,278,30500,15,0
CITA,2020-01-02,1700,1700,1700,1700,200,1,0
CITY,2020-01-02,108,117,100,109,65200,30,0
CKRA,2020-01-02,0,0,0,76,0,0,0
CLAY,2020-01-02,3600,3600,3300,3570,153300,87,24900
CLEO,2020-01-02,505,505,498,505,5880000,648,-104600
CLPI,2020-01-02,775,775,770,775,30000,19,0
CMNP,2020-01-02,1855,1855,1855,1855,2000,2,-2000
CMPP,2020-01-02,0,0,0,184,0,0,0
CNKO,2020-01-02,50,50,50,50,300,3,0
CNTB,2020-01-02,0,0,0,250,0,0,0
CNTX,2020-01-02,0,0,0,338,0,0,0
COCO,2020-01-02,910,945,885,945,9800,10,3600
COWL,2020-01-02,50,50,50,50,6720000,280,0
CPIN,2020-01-02,6600,6650,6500,6575,4949800,2978,814400
CPRI,2020-01-02,50,50,50,50,98900,10,0
CPRO,2020-01-02,50,50,50,50,100,1,0
CSAP,2020-01-02,0,0,0,450,0,0,0
CSIS,2020-01-02,90,90,86,90,214700,42,0
CTBN,2020-01-02,0,0,0,3150,0,0,0
CTRA,2020-01-02,1040,1050,1025,1025,8099700,1560,-1182800
CTTH,2020-01-02,70,70,67,70,30100,13,0
DART,2020-01-02,0,0,0,312,0,0,0
DAYA,2020-01-02,300,300,272,298,13400,27,0
DEAL,2020-01-02,180,186,177,178,2324600,515,102400
DEFI,2020-01-02,1900,1900,1890,1900,3000,12,0
DEWA,2020-01-02,50,50,50,50,13100,12,0
DFAM,2020-01-02,400,400,394,400,20640100,576,135600
DGIK,2020-01-02,50,50,50,50,20200,3,0
DIGI,2020-01-02,1700,2050,1690,2050,4300,9,0
DILD,2020-01-02,280,318,280,312,2436200,382,10000
DIVA,2020-01-02,3620,3630,3410,3440,202800,77,21600
DKFT,2020-01-02,144,172,143,160,109235300,7795,189500
DLTA,2020-01-02,6750,6750,6600,6700,1700,8,0
DMAS,2020-01-02,294,298,288,292,15524200,1380,-4363800
DMMX,2020-01-02,246,246,226,232,688900,147,0
DNAR,2020-01-02,240,240,240,240,100,1,0
DNET,2020-01-02,2980,3080,2980,3080,1000,7,0
DOID,2020-01-02,280,290,280,282,3616400,389,122900
DPNS,2020-01-02,0,0,0,254,0,0,0
DPUM,2020-01-02,111,111,111,111,100,1,0
DSFI,2020-01-02,100,102,100,100,144500,14,0
DSNG,2020-01-02,460,488,450,486,3640700,442,-2171500
DSSA,2020-01-02,13600,14350,13600,14350,500,5,0
DUCK,2020-01-02,1220,1235,1210,1235,27100,44,3000
DUTI,2020-01-02,0,0,0,5000,0,0,0
DVLA,2020-01-02,2290,2300,2210,2230,8000,25,1100
DWGL,2020-01-02,390,390,340,342,347800,161,-10800
DYAN,2020-01-02,118,118,113,115,117700,20,0
EAST,2020-01-02,92,93,87,92,939200,125,0
ECII,2020-01-02,1040,1040,1040,1040,12000,2,9800
EKAD,2020-01-02,1075,1100,1065,1100,331400,133,-27000
ELSA,2020-01-02,306,310,300,302,10464900,679,-15900
ELTY,2020-01-02,50,50,50,50,100,1,0
EMDE,2020-01-02,224,224,224,224,50000,5,0
EMTK,2020-01-02,5575,5575,5575,5575,200,1,0
ENRG,2020-01-02,50,51,50,50,19020900,281,0
ENVY,2020-01-02,900,935,890,895,545400,320,-81400
EPMT,2020-01-02,0,0,0,2050,0,0,0
ERAA,2020-01-02,1810,1840,1800,1830,14741300,2721,-13200
ERTX,2020-01-02,138,138,136,136,32000,2,0
ESIP,2020-01-02,300,300,296,298,13688800,1748,0
ESSA,2020-01-02,268,272,266,266,3110700,332,-971500
ESTI,2020-01-02,60,60,57,60,317000,34,0
ETWA,2020-01-02,64,64,64,64,1900,2,0
EXCL,2020-01-02,3170,3220,3140,3210,3718200,1980,-786600
FAST,2020-01-02,2550,2550,2450,2470,1400,8,-600
FASW,2020-01-02,0,0,0,7700,0,0,0
FILM,2020-01-02,179,184,176,179,2286000,378,-460200
FINN,2020-01-02,0,0,0,50,0,0,0
FIRE,2020-01-02,320,330,246,246,17256800,5018,-195500
FISH,2020-01-02,0,0,0,3800,0,0,0
FITT,2020-01-02,74,75,70,73,247700,65,0
FMII,2020-01-02,0,0,0,470,0,0,0
FOOD,2020-01-02,120,125,113,113,452700,125,0
FORU,2020-01-02,0,0,0,99,0,0,0
FORZ,2020-01-02,50,50,50,50,189900,50,0
FPNI,2020-01-02,119,122,119,121,201300,37,-1000
FREN,2020-01-02,139,140,136,136,32022100,1543,-4750700
FUJI,2020-01-02,102,115,102,113,17300,14,0
GAMA,2020-01-02,50,51,50,50,1536000,47,0
GDST,2020-01-02,63,68,62,63,609800,70,-150000
GDYR,2020-01-02,0,0,0,2000,0,0,0
GEMA,2020-01-02,338,338,338,338,20000,1,0
GEMS,2020-01-02,0,0,0,2550,0,0,0
GGRM,2020-01-02,53000,53500,52600,53350,725100,1419,-222900
GGRP,2020-01-02,386,388,382,386,27700,19,1300
GHON,2020-01-02,0,0,0,1650,0,0,0
GIAA,2020-01-02,498,500,494,494,5822400,1161,1017800
GJTL,2020-01-02,585,585,580,580,2992200,321,-344400
GLOB,2020-01-02,382,476,382,424,48300,68,0
GLVA,2020-01-02,300,306,262,300,4263800,1030,-200000
GMFI,2020-01-02,172,175,171,171,720800,96,0
GMTD,2020-01-02,15950,15950,15950,15950,100,1,100
GOLD,2020-01-02,220,228,220,228,500,2,-400
GOLL,2020-01-02,0,0,0,50,0,0,0
GOOD,2020-01-02,1505,1525,1505,1510,366700,128,0
GPRA,2020-01-02,75,76,75,75,36200,5,0
GREN,2020-01-02,0,0,0,328,0,0,0
GSMF,2020-01-02,0,0,0,100,0,0,0
GTBO,2020-01-02,157,157,157,157,100,1,0
GWSA,2020-01-02,152,169,151,154,11100,7,0
GZCO,2020-01-02,50,51,50,50,25096200,703,0
HADE,2020-01-02,50,50,50,50,100,1,0
HDFA,2020-01-02,0,0,0,130,0,0,0
HDIT,2020-01-02,700,700,670,670,700,5,0
HDTX,2020-01-02,0,0,0,120,0,0,0
HEAL,2020-01-02,3550,3690,3550,3670,124800,88,7700
HELI,2020-01-02,206,210,197,206,858000,23,0
HERO,2020-01-02,845,885,840,885,900,4,0
HEXA,2020-01-02,3480,3480,3460,3480,47500,23,-2900
HITS,2020-01-02,720,720,720,720,100,1,0
HKMU,2020-01-02,258,260,254,256,7724800,29,0
HMSP,2020-01-02,2110,2120,2080,2090,15983100,2540,1976700
HOKI,2020-01-02,940,950,925,930,20884300,535,-135700
HOME,2020-01-02,50,50,50,50,86300,21,0
HOTL,2020-01-02,156,169,141,143,52213600,159,-130700
HRME,2020-01-02,860,880,830,880,26150200,539,11400
HRTA,2020-01-02,220,220,195,197,682700,205,0
HRUM,2020-01-02,1320,1325,1315,1320,263800,50,125400
IATA,2020-01-02,50,50,50,50,8300,2,-400000
IBFN,2020-01-02,0,0,0,242,0,0,0
IBST,2020-01-02,0,0,0,6525,0,0,0
ICBP,2020-01-02,11275,11300,11100,11150,1240200,1752,201800
ICON,2020-01-02,70,70,65,67,469600,74,0
IDPR,2020-01-02,0,0,0,368,0,0,0
IFII,2020-01-02,210,212,200,200,768800,185,0
IFSH,2020-01-02,600,650,560,645,83000,68,0
IGAR,2020-01-02,340,340,330,340,17200,6,0
IIKP,2020-01-02,50,50,50,50,1100,2,0
IKAI,2020-01-02,73,77,73,74,7574500,398,-3193800
IKBI,2020-01-02,0,0,0,260,0,0,0
IMAS,2020-01-02,1155,1155,1110,1125,783300,327,1200
IMJS,2020-01-02,292,304,292,304,108200,33,0
IMPC,2020-01-02,1050,1050,1045,1045,396300,36,0
INAF,2020-01-02,890,990,880,955,15762200,4476,45900
INAI,2020-01-02,440,440,430,430,21700,9,0
INCF,2020-01-02,50,60,50,50,16559600,1374,0
INCI,2020-01-02,418,418,418,418,300,2,0
INCO,2020-01-02,3650,3670,3510,3620,9602500,2441,1654800
INDF,2020-01-02,7925,8000,7825,7975,5257300,2148,1709700
INDR,2020-01-02,2430,2500,2400,2470,31500,44,0
INDS,2020-01-02,2300,2300,2200,2200,200,2,0
INDX,2020-01-02,52,56,52,54,1400,10,0
INDY,2020-01-02,1195,1210,1175,1210,2738700,716,-154000
INKP,2020-01-02,7725,7750,7600,7625,1495800,1385,7800
INOV,2020-01-02,378,378,370,372,2090100,142,0
INPC,2020-01-02,61,63,61,63,151700,11,0
INPP,2020-01-02,840,840,840,840,200,2,0
INPS,2020-01-02,4050,4060,4050,4060,49700,47,0
INRU,2020-01-02,0,0,0,790,0,0,0
INTA,2020-01-02,496,496,460,460,3400,6,0
INTD,2020-01-02,350,350,348,348,12200,4,0
INTP,2020-01-02,19350,19350,18300,18525,1451300,2076,147000
IPCC,2020-01-02,685,685,675,680,160200,70,0
IPCM,2020-01-02,165,187,165,185,223000,112,2200
IPOL,2020-01-02,93,93,93,93,500,2,0
IPTV,2020-01-02,505,505,498,505,6440700,6149,159900
IRRA,2020-01-02,650,650,640,645,11512400,2501,0
ISAT,2020-01-02,2910,2930,2860,2870,1142700,818,274300
ISSP,2020-01-02,184,187,182,186,2800600,339,-434100
ITIC,2020-01-02,2680,2730,2300,2630,16198100,2785,-172000
ITMA,2020-01-02,560,590,550,565,12700,29,0
ITMG,2020-01-02,11450,11450,11225,11350,866600,1345,-366400
ITTG,2020-01-02,0,0,0,82,0,0,0
JAST,2020-01-02,1425,1430,1415,1415,6316800,80,1600
JAWA,2020-01-02,92,92,88,88,10000,3,0
JAYA,2020-01-02,81,84,80,81,496400,77,0
JECC,2020-01-02,0,0,0,6175,0,0,0
JGLE,2020-01-02,0,0,0,50,0,0,0
JIHD,2020-01-02,550,550,550,550,500,1,0
JKON,2020-01-02,505,505,505,505,100,1,0
JKSW,2020-01-02,0,0,0,60,0,0,0
JMAS,2020-01-02,0,0,0,880,0,0,0
JPFA,2020-01-02,1540,1565,1530,1535,9486700,2291,-962700
JRPT,2020-01-02,585,605,570,590,7496000,357,3222600
JSKY,2020-01-02,210,212,202,206,6521800,1054,35000
JSMR,2020-01-02,5225,5250,5175,5175,816700,689,-28600
JSPT,2020-01-02,0,0,0,1025,0,0,0
JTPE,2020-01-02,980,980,975,980,265500,13,0
KAEF,2020-01-02,1250,1300,1240,1250,5746400,2078,-28700
KARW,2020-01-02,64,66,63,63,46000,14,0
KAYU,2020-01-02,68,69,66,66,1453100,206,0
KBLI,2020-01-02,530,535,520,535,4565800,264,49600
KBLM,2020-01-02,314,314,302,302,49400,80,15600
KBLV,2020-01-02,274,274,274,274,200,2,0
KBRI,2020-01-02,0,0,0,50,0,0,0
KDSI,2020-01-02,1170,1390,1140,1155,18600,27,0
KEEN,2020-01-02,550,555,545,555,3251500,141,0
KEJU,2020-01-02,950,975,935,935,273700,324,-1000
KIAS,2020-01-02,65,68,62,65,80200,33,0
KICI,2020-01-02,210,250,202,202,19300,7,0
KIJA,2020-01-02,296,302,286,294,1592600,228,397300
KINO,2020-01-02,3430,3440,3350,3380,519500,137,52200
KIOS,2020-01-02,0,0,0,310,0,0,0
KJEN,2020-01-02,2050,2050,1990,1990,235800,386,0
KKGI,2020-01-02,238,254,228,230,70300,17,-50000
KLBF,2020-01-02,1620,1635,1600,1615,14075700,1530,-2023300
KMTR,2020-01-02,318,320,308,316,1900,5,-400
KOBX,2020-01-02,119,120,118,119,42300,32,0
KOIN,2020-01-02,113,141,112,121,22800,14,21800
KONI,2020-01-02,0,0,0,630,0,0,0
KOPI,2020-01-02,620,620,620,620,19300,18,0
KOTA,2020-01-02,835,840,820,825,16392500,309,-137800
KPAL,2020-01-02,0,0,0,138,0,0,0
KPAS,2020-01-02,65,67,65,65,884200,140,0
KPIG,2020-01-02,138,138,132,135,910300,91,12732300
KRAH,2020-01-02,1650,1650,1640,1645,462500,138,0
KRAS,2020-01-02,306,306,298,302,2580800,393,424300
KREN,2020-01-02,500,500,492,500,39045700,698,1560000
LAND,2020-01-02,985,1000,875,985,97600,40,-400
LAPD,2020-01-02,50,50,50,50,100,1,0
LCGP,2020-01-02,0,0,0,114,0,0,0
LCKM,2020-01-02,290,324,290,324,34500,14,8000
LEAD,2020-01-02,50,50,50,50,258600,12,0
LIFE,2020-01-02,6000,6475,6000,6475,51000,12,0
LINK,2020-01-02,3960,4000,3870,3950,272600,248,214700
LION,2020-01-02,470,470,468,468,200,2,0
LMAS,2020-01-02,151,152,105,109,6830300,1201,0
LMPI,2020-01-02,91,91,91,91,3000,4,0
LMSH,2020-01-02,0,0,0,476,0,0,0
LPCK,2020-01-02,1015,1025,1005,1005,615900,329,900
LPGI,2020-01-02,3600,3600,3600,3600,100,1,0
LPIN,2020-01-02,0,0,0,284,0,0,0
LPKR,2020-01-02,242,242,230,232,144593400,2322,26082000
LPLI,2020-01-02,102,102,75,75,3700,7,0
LPPF,2020-01-02,4250,4270,4040,4120,8381300,2529,3395623
LPPS,2020-01-02,80,82,80,81,30400,17,0
LRNA,2020-01-02,0,0,0,131,0,0,0
LSIP,2020-01-02,1480,1480,1445,1450,6195900,1340,1478900
LTLS,2020-01-02,620,630,620,620,24200,13,500
LUCK,2020-01-02,400,414,384,386,1256700,475,-297500
MABA,2020-01-02,50,50,50,50,160100,3,0
MAGP,2020-01-02,50,50,50,50,1200,8,0
MAIN,2020-01-02,1015,1020,1000,1010,607400,243,0
MAMI,2020-01-02,50,50,50,50,1826800,99,0
MAMIP,2020-01-02,0,0,0,600,0,0,0
MAPA,2020-01-02,5300,5300,5050,5050,7400,19,200
MAPB,2020-01-02,1700,1700,1665,1665,10600,9,0
MAPI,2020-01-02,1050,1070,1035,1065,8012800,1304,2030400
MARI,2020-01-02,190,190,190,190,400,1,0
MARK,2020-01-02,454,460,452,452,747400,73,-40000
MASA,2020-01-02,460,498,458,460,11700,8,0
MAYA,2020-01-02,0,0,0,9100,0,0,0
MBAP,2020-01-02,1980,2000,1975,1980,5100,18,700
MBSS,2020-01-02,486,488,482,482,208200,75,0
MBTO,2020-01-02,94,104,93,103,40800,13,0
MCAS,2020-01-02,2880,2900,2840,2840,352100,73,26600
MCOR,2020-01-02,135,135,129,130,448600,42,0
MDIA,2020-01-02,51,54,51,54,727500,59,0
MDKA,2020-01-02,1075,1100,1070,1090,52337400,2850,-3056100
MDKI,2020-01-02,202,204,199,200,12200,18,0
MDLN,2020-01-02,214,214,210,214,339800,215,-179100
MDRN,2020-01-02,50,50,50,50,100,1,100
MEDC,2020-01-02,870,875,830,835,45941500,3463,350100
MEGA,2020-01-02,6400,6400,6350,6350,1500,7,0
MERK,2020-01-02,2850,2900,2820,2900,10100,15,0
META,2020-01-02,216,216,206,206,613100,45,-11200
MFIN,2020-01-02,1350,1350,1320,1320,50100,3,100
MFMI,2020-01-02,760,760,580,580,437700,356,0
MGNA,2020-01-02,50,50,50,50,400,4,0
MGRO,2020-01-02,900,910,890,895,1268500,101,0
MICE,2020-01-02,346,346,342,344,37800,20,10200
MIDI,2020-01-02,1150,1150,1150,1150,400,2,0
MIKA,2020-01-02,2670,2780,2660,2740,11330600,1669,-610300
MINA,2020-01-02,500,500,428,434,51300,105,19200
MIRA,2020-01-02,50,50,50,50,100,1,0
MITI,2020-01-02,0,0,0,51,0,0,0
MKNT,2020-01-02,50,50,50,50,5200,4,0
MKPI,2020-01-02,16175,16200,16175,16200,1000,8,100
MLBI,2020-01-02,15500,15500,15500,15500,200,2,0
MLIA,2020-01-02,705,750,705,750,5726500,342,-376200
MLPL,2020-01-02,87,88,81,82,24921800,1505,4867500
MLPT,2020-01-02,448,448,436,438,37000,19,16000
MMLP,2020-01-02,200,200,193,195,1734600,123,913200
MNCN,2020-01-02,1635,1655,1610,1625,14806700,16660,4743100
MOLI,2020-01-02,950,950,950,950,10000,2,0
MPMX,2020-01-02,665,685,665,675,887400,202,-397800
MPOW,2020-01-02,110,111,107,109,83600,31,0
MPPA,2020-01-02,141,142,137,139,877100,129,0
MPRO,2020-01-02,2280,2280,2250,2250,1300,3,0
MRAT,2020-01-02,153,153,153,153,600,2,0
MREI,2020-01-02,4200,4200,4150,4150,7700,7,0
MSIN,2020-01-02,400,416,400,416,706000,302,-559500
MSKY,2020-01-02,0,0,0,1450,0,0,0
MTDL,2020-01-02,1870,1870,1720,1800,3798300,1399,-334300
MTFN,2020-01-02,50,50,50,50,100,1,0
MTLA,2020-01-02,575,575,510,550,168200,54,132800
MTPS,2020-01-02,890,890,890,890,600,3,0
MTRA,2020-01-02,338,338,338,338,100,1,0
MTSM,2020-01-02,0,0,0,224,0,0,0
MTWI,2020-01-02,67,68,63,64,3185000,234,0
MYOH,2020-01-02,1300,1310,1295,1310,452400,39,0
MYOR,2020-01-02,2050,2050,2000,2030,1547000,919,823300
MYRX,2020-01-02,50,50,50,50,25700,9,-1137700
MYRXP,2020-01-02,0,0,0,50,0,0,0
MYTX,2020-01-02,56,75,56,56,23400,26,0
NASA,2020-01-02,705,725,695,725,121700,29,6700
NATO,2020-01-02,1085,1100,1085,1085,30673400,3059,-466600
NELY,2020-01-02,141,141,141,141,3900,2,0
NFCX,2020-01-02,2980,2980,2930,2930,28600,34,5900
NICK,2020-01-02,316,316,316,316,100,1,0
NIKL,2020-01-02,660,780,660,760,35888700,7298,74100
NIPS,2020-01-02,0,0,0,282,0,0,0
NIRO,2020-01-02,140,140,140,140,12000,4,-8000
NISP,2020-01-02,845,860,840,840,35800,15,30000
NOBU,2020-01-02,0,0,0,890,0,0,0
NRCA,2020-01-02,384,384,378,384,121400,33,0
NUSA,2020-01-02,50,50,50,50,27200,9,0
NZIA,2020-01-02,860,860,810,810,4700,12,0
OASA,2020-01-02,402,402,330,340,41700,28,0
OCAP,2020-01-02,250,270,230,250,6900,10,0
OKAS,2020-01-02,197,199,180,194,27600,19,0
OMRE,2020-01-02,0,0,0,980,0,0,0
OPMS,2020-01-02,100,102,99,100,468100,124,0
PADI,2020-01-02,250,268,244,268,130200,19,0
PALM,2020-01-02,220,220,200,218,11300,17,2000
PAMG,2020-01-02,67,68,66,67,1097000,65,0
PANI,2020-01-02,105,111,105,109,2300,7,0
PANR,2020-01-02,334,334,332,334,1022500,168,0
PANS,2020-01-02,1425,1425,1350,1400,49400,32,0
PBID,2020-01-02,1025,1025,1025,1025,100,1,0
PBRX,2020-01-02,505,510,505,510,1100,4,-100
PBSA,2020-01-02,0,0,0,700,0,0,0
PCAR,2020-01-02,1100,1100,905,1040,20100,34,400
PDES,2020-01-02,960,960,900,900,3200,11,0
PEGE,2020-01-02,200,218,200,218,700,5,0
PEHA,2020-01-02,1075,1100,1060,1085,11900,26,0
PGAS,2020-01-02,2170,2180,2110,2140,20783400,3361,-2586500
PGLI,2020-01-02,326,326,326,326,100,1,0
PICO,2020-01-02,1715,1755,1280,1600,95200,127,-2000
PJAA,2020-01-02,985,990,985,990,4600,9,0
PKPK,2020-01-02,66,70,66,69,67900,10,0
PLAS,2020-01-02,0,0,0,50,0,0,0
PLIN,2020-01-02,3290,3300,3290,3300,600,2,0
PMJS,2020-01-02,133,149,133,137,2841800,707,0
PNBN,2020-01-02,1335,1370,1310,1370,4365700,485,220900
PNBS,2020-01-02,50,50,50,50,221500,17,0
PNIN,2020-01-02,1095,1130,1080,1095,282900,73,211400
PNLF,2020-01-02,302,310,294,310,38748800,1838,292500
PNSE,2020-01-02,0,0,0,332,0,0,0
POLA,2020-01-02,0,0,0,262,0,0,0
POLI,2020-01-02,1490,1520,1480,1520,700,7,0
POLL,2020-01-02,11050,11125,11050,11125,413000,1427,-500
POLU,2020-01-02,0,0,0,2400,0,0,0
POLY,2020-01-02,60,62,59,61,827000,69,0
POOL,2020-01-02,0,0,0,156,0,0,778800
PORT,2020-01-02,0,0,0,505,0,0,0
POSA,2020-01-02,50,50,50,50,1234500,82,-200000
POWR,2020-01-02,1000,1000,980,1000,848600,74,-248200
PPRE,2020-01-02,240,254,238,254,12547000,2348,-392500
PPRO,2020-01-02,68,69,66,67,91644100,2148,4953800
PRAS,2020-01-02,136,136,136,136,100,1,0
PRDA,2020-01-02,3620,3620,3600,3610,1900,8,0
PRIM,2020-01-02,390,390,380,380,10016000,5,0
PSAB,2020-01-02,262,274,260,260,102330900,4725,-868800
PSDN,2020-01-02,204,204,160,160,23800,11,0
PSGO,2020-01-02,198,200,190,190,181600,88,25400
PSKT,2020-01-02,50,50,50,50,100,1,0
PSSI,2020-01-02,185,185,179,179,1180500,43,0
PTBA,2020-01-02,2640,2680,2600,2630,8093400,2330,-57200
PTIS,2020-01-02,256,256,194,194,4100,6,100
PTPP,2020-01-02,1585,1620,1580,1610,9820100,1488,-209200
PTRO,2020-01-02,1605,1605,1590,1600,121000,98,100
PTSN,2020-01-02,264,276,264,266,334900,81,26400
PTSP,2020-01-02,0,0,0,4550,0,0,0
PUDP,2020-01-02,302,302,302,302,2000,2,0
PURE,2020-01-02,270,272,256,262,4332700,1159,8000
PWON,2020-01-02,575,575,565,570,12286300,1343,-2502600
PYFA,2020-01-02,206,206,206,206,500,1,0
PZZA,2020-01-02,1110,1140,1110,1125,4500,20,0
R-ABFII,2020-01-02,0,0,0,28600,0,0,0
RAJA,2020-01-02,189,190,187,187,306200,94,0
RALS,2020-01-02,1065,1070,1050,1070,3943800,632,832900
RANC,2020-01-02,330,330,320,330,8800,8,0
RBMS,2020-01-02,65,69,64,66,411600,69,0
RDTX,2020-01-02,5200,5200,5200,5200,1000,1,0
REAL,2020-01-02,398,490,384,456,48620500,9112,-35500
RELI,2020-01-02,228,228,156,186,5200,5,0
RICY,2020-01-02,149,159,149,159,300,3,0
RIGS,2020-01-02,214,218,212,218,4600,6,0
RIMO,2020-01-02,50,50,50,50,59900,11,0
RISE,2020-01-02,605,605,570,600,1106600,137,37300
RMBA,2020-01-02,332,350,316,316,9600,16,0
RODA,2020-01-02,50,67,50,67,31960200,1736,-60000
ROTI,2020-01-02,1305,1305,1300,1300,61900,30,49000
RUIS,2020-01-02,248,248,248,248,40500,3,0
SAFE,2020-01-02,210,224,206,224,385300,81,0
SAME,2020-01-02,248,248,238,238,35500,12,0
SAPX,2020-01-02,0,0,0,830,0,0,0
SATU,2020-01-02,77,86,67,78,320400,48,0
SCBD,2020-01-02,0,0,0,2700,0,0,0
SCCO,2020-01-02,9175,9175,9175,9175,2700,3,0
SCMA,2020-01-02,1410,1420,1380,1385,9445300,2258,8291600
SCPI,2020-01-02,0,0,0,29000,0,0,0
SDMU,2020-01-02,50,50,50,50,156000,6,0
SDPC,2020-01-02,95,108,95,106,324200,57,0
SDRA,2020-01-02,830,830,830,830,1400,1,-1400
SFAN,2020-01-02,1075,1075,1040,1055,78600,42,0
SGRO,2020-01-02,2380,2400,2380,2400,20800,13,15400
SHID,2020-01-02,0,0,0,3450,0,0,0
SHIP,2020-01-02,765,765,760,760,740500,62,0
SIDO,2020-01-02,1275,1295,1265,1280,1539400,1088,122600
SILO,2020-01-02,6900,6950,6850,6900,33400,132,18800
SIMA,2020-01-02,50,50,50,50,34300,3,0
SIMP,2020-01-02,434,436,422,428,8250100,770,-644500
SINI,2020-01-02,0,0,0,1650,0,0,0
SIPD,2020-01-02,850,850,850,850,1000,1,0
SKBM,2020-01-02,0,0,0,410,0,0,0
SKLT,2020-01-02,0,0,0,1610,0,0,0
SKRN,2020-01-02,550,595,530,530,42500,24,0
SKYB,2020-01-02,60,61,58,58,951200,277,0
SLIS,2020-01-02,4300,4320,4270,4270,34800,24,900
SMAR,2020-01-02,4050,4050,3850,3870,7400,32,0
SMBR,2020-01-02,444,448,434,436,6027000,988,33200
SMCB,2020-01-02,1200,1200,1195,1195,300,2,0
SMDM,2020-01-02,119,126,115,126,1200,6,0
SMDR,2020-01-02,254,254,248,250,15700,23,-100
SMGR,2020-01-02,12150,12225,12000,12200,4494500,1501,-2599400
SMKL,2020-01-02,240,240,218,236,37800,15,0
SMMA,2020-01-02,0,0,0,15225,0,0,0
SMMT,2020-01-02,117,124,115,124,272500,28,0
SMRA,2020-01-02,1010,1010,995,1000,6500800,1275,-2113800
SMRU,2020-01-02,50,50,50,50,551500,32,0
SMSM,2020-01-02,1485,1490,1445,1470,2343300,915,-109500
SOCI,2020-01-02,172,174,171,172,2498400,189,-33800
SONA,2020-01-02,0,0,0,5975,0,0,0
SOSS,2020-01-02,410,420,400,402,12500,12,0
SOTS,2020-01-02,238,238,238,238,200,1,0
SPMA,2020-01-02,332,334,316,334,21300,13,0
SPTO,2020-01-02,840,845,830,835,3980100,279,145000
SQMI,2020-01-02,232,244,232,234,1544800,240,35800
SRAJ,2020-01-02,264,264,238,238,257500,77,6800
SRIL,2020-01-02,260,262,258,258,8250100,489,953900
SRSN,2020-01-02,68,68,67,67,201500,29,0
SRTG,2020-01-02,3620,3700,3620,3690,4100,17,1400
SSIA,2020-01-02,655,665,650,650,12690100,786,370500
SSMS,2020-01-02,845,850,810,825,53867800,1016,335700
SSTM,2020-01-02,530,530,422,422,200,2,0
STAR,2020-01-02,152,155,145,155,2408500,81,0
STTP,2020-01-02,0,0,0,4500,0,0,0
SUGI,2020-01-02,0,0,0,50,0,0,0
SULI,2020-01-02,50,63,50,52,30082700,2143,34300
SUPR,2020-01-02,0,0,0,3280,0,0,0
SURE,2020-01-02,2940,2950,2940,2950,1800,3,0
SWAT,2020-01-02,103,107,102,103,9721800,1314,-59400
TALF,2020-01-02,272,272,272,272,1100,2,0
TAMU,2020-01-02,394,400,344,348,14831800,1006,955800
TARA,2020-01-02,414,422,338,338,885500,669,340000
TAXI,2020-01-02,50,50,50,50,5000,1,0
TBIG,2020-01-02,1230,1245,1225,1240,49833700,3649,-3938700
TBLA,2020-01-02,1000,1000,955,960,1389600,612,203800
TBMS,2020-01-02,800,830,800,800,2000,3,0
TCID,2020-01-02,11000,11000,11000,11000,300,2,-200
TCPI,2020-01-02,6625,6950,6275,6775,8780100,8703,-717400
TDPM,2020-01-02,252,270,252,256,2016000,160,-877500
TEBE,2020-01-02,1830,1835,1830,1830,3364400,829,0
TELE,2020-01-02,304,308,302,304,14184300,768,-852500
TFAS,2020-01-02,197,197,178,178,667800,164,0
TFCO,2020-01-02,384,400,384,400,300,2,0
TGKA,2020-01-02,5000,5000,4950,4950,400,4,0
TGRA,2020-01-02,130,139,123,123,7321200,819,1062900
TIFA,2020-01-02,0,0,0,240,0,0,0
TINS,2020-01-02,825,835,820,825,2885900,561,583200
TIRA,2020-01-02,248,256,248,256,7100,10,0
TIRT,2020-01-02,52,55,51,54,9500,11,0
TKIM,2020-01-02,10350,10350,10050,10075,242500,610,166000
TLKM,2020-01-02,3970,4000,3900,3910,52094000,8948,15975848
TMAS,2020-01-02,104,109,102,104,6303200,514,0
TMPO,2020-01-02,166,166,156,156,700,3,0
TNCA,2020-01-02,0,0,0,278,0,0,0
TOBA,2020-01-02,370,370,350,368,29400,9,2200
TOPS,2020-01-02,272,272,240,258,1425100,480,-545800
TOTL,2020-01-02,436,442,426,428,1090800,296,407000
TOTO,2020-01-02,292,296,292,294,56700,17,-800
TOWR,2020-01-02,800,810,780,800,59838700,3421,44793100
TPIA,2020-01-02,10450,10475,10175,10275,4741100,1548,596300
TPMA,2020-01-02,254,254,220,220,200,2,0
TRAM,2020-01-02,50,50,50,50,1080200,98,-153100
TRIL,2020-01-02,0,0,0,50,0,0,0
TRIM,2020-01-02,141,141,141,141,300,3,0
TRIO,2020-01-02,0,0,0,426,0,0,0
TRIS,2020-01-02,266,266,264,266,36900,12,0
TRST,2020-01-02,0,0,0,380,0,0,0
TRUK,2020-01-02,102,102,102,102,33300,3,0
TRUS,2020-01-02,346,346,320,328,1200,10,0
TSPC,2020-01-02,1360,1375,1335,1360,89900,56,-7800
TUGU,2020-01-02,3450,3450,3450,3450,1000,1,-1000
TURI,2020-01-02,0,0,0,900,0,0,0
UCID,2020-01-02,1870,1890,1820,1830,3687700,1327,-999700
ULTJ,2020-01-02,1670,1670,1615,1650,678000,468,-217900
UNIC,2020-01-02,3790,3850,3790,3850,700,5,0
UNIT,2020-01-02,179,179,179,179,100,1,0
UNSP,2020-01-02,100,105,100,103,1238100,86,0
UNTR,2020-01-02,21700,21700,21025,21500,1530800,2769,178100
UNVR,2020-01-02,8500,8700,8500,8550,11059800,13247,1473700
URBN,2020-01-02,2430,2430,2400,2400,188500,25,0
VICO,2020-01-02,112,112,112,112,200,1,0
VINS,2020-01-02,123,123,120,121,58700,49,0
VIVA,2020-01-02,75,75,70,72,7255900,258,168800
VOKS,2020-01-02,400,400,310,312,604000,229,0
VRNA,2020-01-02,0,0,0,140,0,0,0
WAPO,2020-01-02,78,78,68,68,38100,10,0
WEGE,2020-01-02,306,330,304,328,53046300,3141,1944600
WEHA,2020-01-02,148,148,147,148,2053000,191,0
WICO,2020-01-02,0,0,0,535,0,0,0
WIIM,2020-01-02,169,171,165,166,977900,199,0
WIKA,2020-01-02,1990,2030,1990,2020,9425200,1615,1373700
WINS,2020-01-02,120,124,117,124,953100,28,-440900
WOMF,2020-01-02,280,280,276,278,29300,15,0
WOOD,2020-01-02,690,695,650,660,7284900,929,-137300
WOWS,2020-01-02,250,256,230,230,10977200,707,0
WSBP,2020-01-02,304,308,304,304,11972100,893,1711800
WSKT,2020-01-02,1485,1515,1480,1505,23547100,2547,-216200
WTON,2020-01-02,450,454,448,452,2825300,341,200200
XMJM,2020-01-02,0,0,0,1000,0,0,0
XPMI,2020-01-02,0,0,0,990,0,0,0
XSPI,2020-01-02,0,0,0,750,0,0,0
YELO,2020-01-02,77,79,76,78,1229600,165,0
YPAS,2020-01-02,0,0,0,550,0,0,0
YULE,2020-01-02,220,288,220,288,88400,26,0
ZBRA,2020-01-02,88,99,85,97,307900,42,0
ZINC,2020-01-02,394,402,390,390,40852400,1610,-1256000
ZONE,2020-01-02,496,496,490,494,157300,32,0
