AALI,2019-11-12,12875,12900,12500,12825,1311800,670,353900
ABBA,2019-11-12,120,125,111,116,30418100,4249,2373300
ABDA,2019-11-12,0,0,0,6975,0,0,0
ABMM,2019-11-12,0,0,0,1520,0,0,0
ACES,2019-11-12,1750,1755,1700,1750,28129000,6149,-1589000
ACST,2019-11-12,1160,1160,1145,1150,434000,115,419500
ADES,2019-11-12,1100,1105,1085,1105,36000,38,0
ADHI,2019-11-12,1210,1215,1190,1200,4961700,1487,-31500
ADMF,2019-11-12,10550,10650,10500,10650,575400,68,-14200
ADMG,2019-11-12,186,195,185,192,407300,60,-240700
ADRO,2019-11-12,1420,1440,1400,1425,47287000,4661,-6905600
AGII,2019-11-12,595,595,580,580,223900,50,211700
AGRO,2019-11-12,192,194,190,191,470000,142,1100
AGRS,2019-11-12,178,178,168,177,43800,38,0
AHAP,2019-11-12,67,82,66,74,8163200,980,58400
AIMS,2019-11-12,0,0,0,180,0,0,0
AISA,2019-11-12,0,0,0,168,0,0,0
AKKU,2019-11-12,50,50,50,50,19500,17,0
AKPI,2019-11-12,430,430,430,430,100,1,0
AKRA,2019-11-12,3740,3840,3730,3800,4559000,1770,2138300
AKSI,2019-11-12,905,925,845,870,3413000,418,-17800
ALDO,2019-11-12,380,380,380,380,49200,9,0
ALKA,2019-11-12,0,0,0,500,0,0,0
ALMI,2019-11-12,328,328,326,326,394200,8,0
ALTO,2019-11-12,370,378,370,378,3047900,107,0
AMAG,2019-11-12,306,306,300,300,200,2,0
AMFG,2019-11-12,3500,3500,3400,3450,22200,26,-900
AMIN,2019-11-12,0,0,0,310,0,0,0
AMRT,2019-11-12,875,885,875,880,1413300,104,1406200
ANDI,2019-11-12,173,228,172,226,68375800,7866,2426900
ANJT,2019-11-12,855,860,855,855,108900,14,1100
ANTM,2019-11-12,815,825,800,820,66391100,7324,-4798000
APEX,2019-11-12,430,430,428,430,22500,7,0
APIC,2019-11-12,655,655,640,655,22633200,2099,-229000
APII,2019-11-12,182,182,182,182,100,1,0
APLI,2019-11-12,119,119,119,119,400,2,0
APLN,2019-11-12,191,192,188,189,11192400,975,179800
APOL,2019-11-12,0,0,0,50,0,0,0
ARGO,2019-11-12,0,0,0,825,0,0,0
ARII,2019-11-12,640,640,640,640,11000,1,0
ARKA,2019-11-12,1625,1630,1610,1625,271800,94,400
ARMY,2019-11-12,53,54,50,50,32513600,558,-10084300
ARNA,2019-11-12,492,500,492,500,243100,23,-131900
ARTA,2019-11-12,410,410,336,336,700,4,0
ARTI,2019-11-12,0,0,0,50,0,0,0
ARTO,2019-11-12,2310,2310,1735,1735,180100,117,0
ASBI,2019-11-12,0,0,0,306,0,0,0
ASDM,2019-11-12,0,0,0,1040,0,0,0
ASGR,2019-11-12,965,965,960,960,36900,28,0
ASII,2019-11-12,6650,6800,6550,6775,29633100,4649,13937900
ASJT,2019-11-12,185,190,184,184,45800,15,0
ASMI,2019-11-12,1000,1000,985,985,52700,37,-178200
ASRI,2019-11-12,268,270,262,264,3695900,965,-597800
ASRM,2019-11-12,2000,2080,2000,2080,600,6,0
ASSA,2019-11-12,730,735,715,720,4221600,264,-350000
ATIC,2019-11-12,0,0,0,785,0,0,0
AUTO,2019-11-12,1245,1250,1215,1250,315900,211,-63800
BABP,2019-11-12,50,50,50,50,527800,11,0
BABP-W3,2019-11-12,0,0,0,25,0,0,0
BACA,2019-11-12,268,268,268,268,24800,1,0
BAJA,2019-11-12,61,85,61,81,5090100,637,0
BALI,2019-11-12,1395,1425,1395,1425,10300,5,0
BAPA,2019-11-12,75,79,71,75,38700,22,0
BAPI,2019-11-12,50,50,50,50,101900,25,0
BATA,2019-11-12,650,650,620,650,4400,10,-400
BAYU,2019-11-12,0,0,0,1565,0,0,0
BBCA,2019-11-12,31100,31400,31100,31325,9527100,5302,3560400
BBHI,2019-11-12,165,170,150,167,224700,143,0
BBKP,2019-11-12,252,254,250,254,6840800,460,4241900
BBLD,2019-11-12,436,436,424,430,700,7,0
BBMD,2019-11-12,0,0,0,2390,0,0,0
BBNI,2019-11-12,7500,7600,7450,7600,21638600,5011,3801800
BBRI,2019-11-12,4000,4030,3980,4000,109775100,11666,50797800
BBRM,2019-11-12,0,0,0,50,0,0,0
BBTN,2019-11-12,1865,1880,1845,1875,12184200,3396,2519800
BBYB,2019-11-12,288,288,288,288,10000,1,-10000
BCAP,2019-11-12,150,150,141,142,1771200,168,-187100
BCIC,2019-11-12,0,0,0,450,0,0,0
BCIP,2019-11-12,82,83,82,83,698400,20,0
BDMN,2019-11-12,4170,4170,4130,4150,937200,642,664200
BEEF,2019-11-12,338,342,334,338,1330100,213,79100
BEKS,2019-11-12,50,50,50,50,24100,7,0
BELL,2019-11-12,520,520,520,520,58600,22,0
BEST,2019-11-12,230,234,224,230,11278400,1467,5453600
BFIN,2019-11-12,600,600,585,600,98800,9,91200
BGTG,2019-11-12,67,67,65,65,977400,83,0
BHIT,2019-11-12,71,72,70,71,5193300,228,-360500
BIKA,2019-11-12,180,204,180,183,1400,5,0
BIMA,2019-11-12,50,50,50,50,300,3,0
BINA,2019-11-12,800,850,800,850,8100,5,0
BIPI,2019-11-12,50,50,50,50,37800,7,0
BIPP,2019-11-12,67,78,67,76,53900,17,0
BIRD,2019-11-12,2150,2160,2080,2100,695300,318,250200
BISI,2019-11-12,1130,1130,1080,1120,400300,237,-112200
BJBR,2019-11-12,1565,1610,1560,1600,1422100,965,-66400
BJTM,2019-11-12,705,710,700,705,3375500,667,-1394500
BKDP,2019-11-12,56,56,56,56,6300,6,0
BKSL,2019-11-12,103,106,103,105,35137900,1138,2834200
BKSW,2019-11-12,176,198,176,180,12100,8,0
BLTA,2019-11-12,50,50,50,50,2100,3,0
BLTZ,2019-11-12,0,0,0,3110,0,0,0
BLUE,2019-11-12,494,500,470,500,255800,44,0
BMAS,2019-11-12,302,320,302,314,25500,24,0
BMRI,2019-11-12,7000,7100,6925,7025,26450400,4876,6128300
BMSR,2019-11-12,0,0,0,246,0,0,0
BMTR,2019-11-12,390,408,390,404,27697100,3178,-6839100
BNBA,2019-11-12,324,328,320,328,230300,41,-102900
BNBR,2019-11-12,50,50,50,50,200,2,0
BNGA,2019-11-12,960,960,935,960,1304300,371,-377000
BNII,2019-11-12,214,218,212,218,151000,55,-25700
BNLI,2019-11-12,1255,1275,1250,1250,23511100,2310,-1997400
BOGA,2019-11-12,795,805,790,805,5956000,804,198200
BOLA,2019-11-12,358,358,356,358,6700,9,0
BOLT,2019-11-12,840,845,840,840,115300,136,0
BORN,2019-11-12,0,0,0,50,0,0,0
BOSS,2019-11-12,308,308,224,230,6131900,1491,-20000
BPFI,2019-11-12,1210,1240,1210,1240,8900,7,-6900
BPII,2019-11-12,0,0,0,10000,0,0,0
BPTR,2019-11-12,101,101,95,95,416300,49,0
BRAM,2019-11-12,0,0,0,8150,0,0,0
BRIS,2019-11-12,374,378,372,374,6473800,462,85400
BRMS,2019-11-12,57,59,56,57,72207200,1283,-150000
BRNA,2019-11-12,0,0,0,1095,0,0,0
BRPT,2019-11-12,970,990,970,990,46660400,4237,-5836600
BSDE,2019-11-12,1390,1395,1365,1395,3994300,1733,-536700
BSIM,2019-11-12,0,0,0,555,0,0,0
BSIM-W3,2019-11-12,37,48,37,38,15600,0,0
BSSR,2019-11-12,1790,1810,1760,1795,1700,13,0
BSWD,2019-11-12,0,0,0,1750,0,0,0
BTEK,2019-11-12,50,50,50,50,1131000,39,0
BTEL,2019-11-12,0,0,0,50,0,0,0
BTON,2019-11-12,204,204,202,204,22700,14,0
BTPN,2019-11-12,3200,3200,3130,3190,14200,57,3700
BTPS,2019-11-12,3910,3920,3870,3900,3215100,2017,-411500
BUDI,2019-11-12,101,101,100,100,889500,19,0
BUKK,2019-11-12,1730,1740,1730,1740,1600,4,0
BULL,2019-11-12,185,185,181,181,14029200,119,1049100
BUMI,2019-11-12,81,81,79,80,113672200,2083,7982700
BUVA,2019-11-12,82,82,81,81,700900,14,0
BVIC,2019-11-12,161,162,158,160,282200,26,-25000
BWPT,2019-11-12,118,119,116,117,9259000,633,-999800
BYAN,2019-11-12,11700,13900,11700,13900,200,2,0
CAKK,2019-11-12,79,93,78,84,11328700,1284,0
CAMP,2019-11-12,388,390,380,384,941400,356,700
CANI,2019-11-12,175,220,153,196,98200,42,0
CARS,2019-11-12,222,222,212,216,5831400,229,0
CASA,2019-11-12,380,380,370,370,8476800,446,15900
CASS,2019-11-12,0,0,0,625,0,0,0
CCSI,2019-11-12,268,270,248,250,6597300,876,3007100
CEKA,2019-11-12,1640,1640,1610,1620,115200,64,10000
CENT,2019-11-12,66,67,65,66,732600,49,0
CFIN,2019-11-12,280,280,270,280,1070400,70,353000
CINT,2019-11-12,242,244,242,242,24000,13,0
CITA,2019-11-12,1900,1900,1900,1900,100,1,0
CITY,2019-11-12,180,189,180,186,1200,7,0
CKRA,2019-11-12,0,0,0,76,0,0,0
CLAY,2019-11-12,4370,4490,4340,4400,445700,108,-21600
CLEO,2019-11-12,525,535,515,535,10714700,922,228800
CLPI,2019-11-12,780,780,760,775,114100,52,0
CMNP,2019-11-12,1920,1920,1915,1915,400,2,100
CMPP,2019-11-12,0,0,0,184,0,0,0
CNKO,2019-11-12,50,50,50,50,600,3,0
CNTB,2019-11-12,0,0,0,250,0,0,0
CNTX,2019-11-12,0,0,0,390,0,0,0
COCO,2019-11-12,905,905,895,900,2257000,227,129500
COWL,2019-11-12,184,184,184,184,3000,2,0
CPIN,2019-11-12,7250,7325,7100,7200,4346100,4218,-93300
CPRI,2019-11-12,50,51,50,50,1571700,88,0
CPRO,2019-11-12,50,50,50,50,200,2,0
CSAP,2019-11-12,446,448,446,448,190700,24,0
CSIS,2019-11-12,99,99,92,95,142000,53,0
CTBN,2019-11-12,0,0,0,3230,0,0,0
CTRA,2019-11-12,1065,1085,1055,1070,7043700,1847,1121000
CTTH,2019-11-12,76,76,69,71,7124400,215,6500000
DART,2019-11-12,0,0,0,364,0,0,0
DAYA,2019-11-12,0,0,0,286,0,0,0
DEAL,2019-11-12,1910,1910,1410,1480,28633700,5330,285100
DEFI,2019-11-12,0,0,0,1780,0,0,0
DEWA,2019-11-12,50,50,50,50,5300,2,0
DFAM,2019-11-12,830,830,620,620,1021600,292,23500
DGIK,2019-11-12,50,50,50,50,6900,4,0
DIGI,2019-11-12,0,0,0,1765,0,0,0
DILD,2019-11-12,348,350,344,350,544900,46,-264500
DIVA,2019-11-12,3700,3710,3660,3680,1130700,50,886800
DKFT,2019-11-12,174,174,169,172,13843600,907,-287100
DLTA,2019-11-12,6700,6700,6675,6675,5300,7,0
DMAS,2019-11-12,326,336,318,336,73672400,2345,-10303300
DMMX,2019-11-12,268,274,262,272,17288900,585,59700
DNAR,2019-11-12,240,240,240,240,1400,1,0
DNET,2019-11-12,3060,3070,3060,3070,4100,4,0
DOID,2019-11-12,316,322,316,320,7878300,742,2684500
DPNS,2019-11-12,0,0,0,260,0,0,0
DPUM,2019-11-12,112,112,110,110,20200,4,0
DSFI,2019-11-12,107,107,105,105,2440200,47,0
DSNG,2019-11-12,416,418,412,414,3699700,83,-868400
DSSA,2019-11-12,15100,17950,15000,16225,2600,20,0
DUCK,2019-11-12,1700,1745,1310,1675,2774300,905,-503400
DUTI,2019-11-12,0,0,0,4970,0,0,0
DVLA,2019-11-12,2220,2250,2150,2250,19800,17,1200
DWGL,2019-11-12,320,324,310,316,94300,36,5400
DYAN,2019-11-12,131,131,129,131,367200,23,0
EAST,2019-11-12,82,109,82,109,77486500,5737,-805000
ECII,2019-11-12,1110,1110,1110,1110,10000,1,0
EKAD,2019-11-12,925,930,915,930,355100,77,116000
ELSA,2019-11-12,306,308,304,308,13353900,663,-1016100
ELTY,2019-11-12,0,0,0,50,0,0,0
EMDE,2019-11-12,218,218,218,218,30000,1,0
EMTK,2019-11-12,0,0,0,5500,0,0,0
ENRG,2019-11-12,55,56,54,54,10267000,238,133500
ENVY,2019-11-12,3000,3020,2250,2610,123821600,15666,613900
EPMT,2019-11-12,0,0,0,2110,0,0,0
ERAA,2019-11-12,1610,1635,1605,1615,17764600,4287,-3423200
ERTX,2019-11-12,140,140,140,140,200,1,0
ESSA,2019-11-12,276,290,276,286,4454100,400,-414900
ESTI,2019-11-12,83,85,80,81,392000,95,0
ETWA,2019-11-12,70,95,69,95,11226800,1010,0
EXCL,2019-11-12,3340,3480,3320,3460,25200300,7005,58900
FAST,2019-11-12,2790,2800,2790,2800,700,4,0
FASW,2019-11-12,7475,7475,7450,7475,17900,15,0
FILM,2019-11-12,220,220,208,212,3988900,439,49900
FINN,2019-11-12,50,50,50,50,1100,3,0
FIRE,2019-11-12,1380,1510,1355,1395,1882500,759,37500
FISH,2019-11-12,0,0,0,2700,0,0,0
FITT,2019-11-12,99,100,98,100,2247000,65,0
FMII,2019-11-12,0,0,0,500,0,0,0
FOOD,2019-11-12,115,118,110,111,2378500,414,0
FORU,2019-11-12,110,110,110,110,100,1,0
FORZ,2019-11-12,510,580,384,384,928200,541,-252200
FPNI,2019-11-12,126,126,122,124,168900,45,0
FREN,2019-11-12,142,153,138,152,177091800,6714,-10866600
FUJI,2019-11-12,101,107,101,105,310700,59,0
GAMA,2019-11-12,50,50,50,50,500,1,0
GDST,2019-11-12,76,88,76,80,2177600,258,0
GDYR,2019-11-12,0,0,0,1985,0,0,0
GEMA,2019-11-12,0,0,0,370,0,0,0
GEMS,2019-11-12,0,0,0,2550,0,0,0
GGRM,2019-11-12,53300,54475,53025,54425,1542300,4914,8300
GGRP,2019-11-12,565,595,560,575,43200,35,2100
GHON,2019-11-12,0,0,0,1400,0,0,0
GIAA,2019-11-12,570,580,545,560,10200000,1421,-945000
GJTL,2019-11-12,605,620,605,615,1538900,974,283300
GLOB,2019-11-12,442,442,412,424,16400,19,0
GMFI,2019-11-12,177,177,173,174,4179300,383,0
GMTD,2019-11-12,18000,18000,18000,18000,1000,3,800
GOLD,2019-11-12,0,0,0,230,0,0,0
GOLL,2019-11-12,0,0,0,50,0,0,0
GOOD,2019-11-12,1520,1520,1510,1520,228400,76,0
GPRA,2019-11-12,89,89,86,89,952500,68,0
GREN,2019-11-12,0,0,0,328,0,0,0
GSMF,2019-11-12,110,110,110,110,12000,3,0
GTBO,2019-11-12,160,161,160,160,5000,9,0
GWSA,2019-11-12,0,0,0,165,0,0,0
GZCO,2019-11-12,0,0,0,50,0,0,0
HADE,2019-11-12,50,50,50,50,200,2,0
HDFA,2019-11-12,0,0,0,156,0,0,0
HDIT,2019-11-12,700,740,690,720,12800,17,0
HDTX,2019-11-12,0,0,0,120,0,0,0
HEAL,2019-11-12,3800,3800,3750,3760,20000,35,-1513700
HELI,2019-11-12,0,0,0,148,0,0,0
HERO,2019-11-12,775,775,775,775,1000,1,0
HEXA,2019-11-12,3490,3490,3430,3440,31300,38,-200
HITS,2019-11-12,605,630,605,630,35300,8,0
HKMU,2019-11-12,322,322,318,318,7227100,101,0
HMSP,2019-11-12,2060,2110,2050,2110,40830300,5805,-3368200
HOKI,2019-11-12,940,950,925,935,28992700,526,1365000
HOME,2019-11-12,50,50,50,50,2711100,91,-600000
HOTL,2019-11-12,154,157,153,156,7904500,166,0
HRME,2019-11-12,975,995,975,985,13492000,2147,175300
HRTA,2019-11-12,280,280,270,280,97600,21,0
HRUM,2019-11-12,1370,1380,1360,1365,204400,94,2700
IATA,2019-11-12,50,50,50,50,10400,7,0
IBFN,2019-11-12,262,282,226,282,52500,14,0
IBST,2019-11-12,0,0,0,9800,0,0,0
ICBP,2019-11-12,11400,11425,11300,11400,6231700,3721,-1254146
ICON,2019-11-12,99,100,99,100,10100,5,0
IDPR,2019-11-12,332,332,332,332,100,1,0
IGAR,2019-11-12,346,346,346,346,200,1,0
IIKP,2019-11-12,50,50,50,50,1065300,22,-1042800
IKAI,2019-11-12,143,143,139,140,3034700,107,60900
IKBI,2019-11-12,0,0,0,264,0,0,0
IMAS,2019-11-12,1225,1275,1195,1230,864800,379,21600
IMJS,2019-11-12,298,298,288,292,426300,55,21200
IMPC,2019-11-12,1030,1035,1030,1035,386200,33,0
INAF,2019-11-12,995,1010,995,1000,113300,117,5000
INAI,2019-11-12,420,422,416,422,68200,10,0
INCF,2019-11-12,50,50,50,50,243300,74,0
INCI,2019-11-12,390,440,390,436,69300,8,0
INCO,2019-11-12,3400,3440,3340,3400,14456500,2685,-56000
INDF,2019-11-12,7925,7950,7750,7825,6407100,4068,1845101
INDR,2019-11-12,3510,3510,3460,3490,11200,31,-5100
INDS,2019-11-12,2550,2570,2530,2550,559400,229,-6160100
INDX,2019-11-12,64,69,64,69,19200,10,0
INDY,2019-11-12,1350,1365,1310,1325,14544300,2017,-551000
INKP,2019-11-12,8100,8400,8100,8375,14364700,7315,-4222700
INOV,2019-11-12,428,436,414,426,8199800,800,241000
INPC,2019-11-12,67,68,66,66,218800,20,0
INPP,2019-11-12,810,860,810,860,200,2,0
INPS,2019-11-12,6000,6800,6000,6000,3500,11,0
INRU,2019-11-12,0,0,0,825,0,0,0
INTA,2019-11-12,464,468,464,468,5600,6,0
INTD,2019-11-12,396,484,396,460,541700,197,0
INTP,2019-11-12,20325,20700,20325,20600,1620000,2306,628800
IPCC,2019-11-12,715,735,710,730,287400,69,0
IPCM,2019-11-12,199,199,192,199,34000,38,0
IPOL,2019-11-12,97,98,97,98,289600,17,0
IPTV,2019-11-12,525,530,500,505,25530600,6294,6352300
IRRA,2019-11-12,835,855,625,800,176937000,20745,-1587000
ISAT,2019-11-12,3400,3480,3400,3430,4886900,3573,-990300
ISSP,2019-11-12,206,208,196,206,41760500,2592,1911700
ITIC,2019-11-12,1195,1235,1140,1230,18455100,1560,-108500
ITMA,2019-11-12,650,650,575,650,6800,11,0
ITMG,2019-11-12,13075,13100,12800,12875,1234800,2446,-25900
ITTG,2019-11-12,0,0,0,82,0,0,0
JAST,2019-11-12,2150,2190,1785,2160,6711000,2221,0
JAWA,2019-11-12,111,144,111,119,1133600,27,0
JAYA,2019-11-12,90,93,87,91,1539000,180,0
JECC,2019-11-12,0,0,0,6175,0,0,0
JGLE,2019-11-12,0,0,0,50,0,0,0
JIHD,2019-11-12,650,650,650,650,100,1,0
JKON,2019-11-12,0,0,0,500,0,0,0
JKSW,2019-11-12,0,0,0,60,0,0,0
JMAS,2019-11-12,0,0,0,875,0,0,0
JPFA,2019-11-12,1720,1750,1710,1725,8832400,2790,2562700
JRPT,2019-11-12,600,600,580,600,5960700,466,1776500
JSKY,2019-11-12,790,810,590,790,195239300,9917,-1389900
JSMR,2019-11-12,5050,5150,4920,4990,8873100,3906,2451700
JSPT,2019-11-12,0,0,0,895,0,0,0
JTPE,2019-11-12,985,985,980,980,153000,5,0
KAEF,2019-11-12,2310,2400,2280,2300,187600,210,-8300
KARW,2019-11-12,68,89,66,89,7664400,1049,0
KAYU,2019-11-12,117,121,103,113,99630000,5220,-53000
KBLI,2019-11-12,570,570,555,565,3990100,595,181600
KBLM,2019-11-12,290,326,290,314,100300,132,25000
KBLV,2019-11-12,420,420,414,414,200,2,0
KBRI,2019-11-12,0,0,0,50,0,0,0
KDSI,2019-11-12,1290,1300,1250,1250,78200,18,-5000
KEEN,2019-11-12,625,635,620,630,4746100,1131,-325700
KIAS,2019-11-12,90,92,80,85,22820800,1189,14280600
KICI,2019-11-12,340,340,340,340,1200,3,-1200
KIJA,2019-11-12,320,324,318,320,3371300,1077,525000
KINO,2019-11-12,3800,3890,3760,3830,3538300,446,909900
KIOS,2019-11-12,330,370,330,368,1500,4,0
KJEN,2019-11-12,1985,2000,1860,2000,232000,91,0
KKGI,2019-11-12,238,244,238,240,127500,24,0
KLBF,2019-11-12,1545,1565,1525,1550,27976700,2584,3413200
KMTR,2019-11-12,320,320,318,318,800,3,0
KOBX,2019-11-12,135,135,125,129,244200,120,0
KOIN,2019-11-12,0,0,0,166,0,0,0
KONI,2019-11-12,0,0,0,700,0,0,0
KOPI,2019-11-12,625,630,625,630,40000,34,0
KOTA,2019-11-12,610,615,600,600,13095000,102,610600
KPAL,2019-11-12,560,615,515,615,8278700,1240,-164200
KPAS,2019-11-12,81,87,80,85,2540600,341,0
KPIG,2019-11-12,131,132,128,129,3318500,277,-1435700
KRAH,2019-11-12,1000,1015,990,1010,798300,290,0
KRAS,2019-11-12,322,326,320,322,1853700,451,-741100
KREN,2019-11-12,530,545,515,515,87077500,1603,-3072200
LAND,2019-11-12,1350,1350,1320,1320,400,3,0
LAPD,2019-11-12,0,0,0,50,0,0,0
LCGP,2019-11-12,0,0,0,114,0,0,0
LCKM,2019-11-12,326,326,326,326,10000,3,0
LEAD,2019-11-12,0,0,0,50,0,0,0
LIFE,2019-11-12,4850,4850,4750,4750,14900,14,11100
LINK,2019-11-12,4380,4490,4280,4400,256700,858,17600
LION,2019-11-12,480,498,480,498,1200,4,0
LMAS,2019-11-12,50,51,50,51,866100,43,0
LMPI,2019-11-12,121,128,120,124,4600,14,0
LMSH,2019-11-12,368,368,368,368,300,1,0
LPCK,2019-11-12,1240,1255,1225,1250,1502100,805,789500
LPGI,2019-11-12,0,0,0,3300,0,0,0
LPIN,2019-11-12,284,284,284,284,100,1,0
LPKR,2019-11-12,250,254,246,252,104937600,2708,22713100
LPLI,2019-11-12,94,106,94,100,2200,10,0
LPPF,2019-11-12,3610,3680,3560,3660,5213900,2860,311000
LPPS,2019-11-12,88,89,87,87,111500,20,0
LRNA,2019-11-12,137,139,123,123,36000,11,0
LSIP,2019-11-12,1420,1420,1345,1360,13112700,2175,1901200
LTLS,2019-11-12,650,660,650,650,212200,23,0
LUCK,2019-11-12,710,710,535,535,8317400,332,67600
MABA,2019-11-12,50,50,50,50,1400,3,0
MAGP,2019-11-12,0,0,0,50,0,0,0
MAIN,2019-11-12,1090,1130,1090,1125,2175100,526,-265100
MAMI,2019-11-12,252,252,246,248,237308400,28638,2735000
MAMIP,2019-11-12,0,0,0,600,0,0,0
MAPA,2019-11-12,5200,5300,5025,5250,49400,65,9100
MAPB,2019-11-12,0,0,0,1750,0,0,0
MAPI,2019-11-12,1045,1070,1040,1060,4809200,3049,-1118600
MARI,2019-11-12,193,200,193,199,434500,33,0
MARK,2019-11-12,480,486,480,486,1352800,124,0
MASA,2019-11-12,472,472,460,460,37200,10,0
MAYA,2019-11-12,0,0,0,8100,0,0,0
MBAP,2019-11-12,1950,1980,1930,1980,12800,30,0
MBSS,2019-11-12,498,505,496,500,869400,190,255200
MBTO,2019-11-12,0,0,0,114,0,0,0
MCAS,2019-11-12,3170,3180,3150,3170,203800,70,68800
MCOR,2019-11-12,135,136,133,135,4474200,108,0
MDIA,2019-11-12,70,80,66,72,541700,105,0
MDKA,2019-11-12,1115,1115,1020,1030,66201100,4188,16082600
MDKI,2019-11-12,208,208,200,204,81700,13,0
MDLN,2019-11-12,220,220,218,220,665100,108,-276800
MDRN,2019-11-12,0,0,0,50,0,0,0
MEDC,2019-11-12,640,645,630,640,8100600,1021,-2058700
MEGA,2019-11-12,0,0,0,5950,0,0,0
MERK,2019-11-12,3000,3000,2920,2930,17300,33,0
META,2019-11-12,189,194,189,194,244400,121,0
MFIN,2019-11-12,1285,1285,1285,1285,29700,1,0
MFMI,2019-11-12,458,460,450,460,25800,18,0
MGNA,2019-11-12,0,0,0,50,0,0,0
MGRO,2019-11-12,900,905,890,900,2794800,353,0
MICE,2019-11-12,342,342,332,332,7800,5,0
MIDI,2019-11-12,0,0,0,1100,0,0,0
MIKA,2019-11-12,2640,2710,2640,2670,10453600,1952,-908800
MINA,2019-11-12,1240,1350,1235,1350,40800,40,12300
MIRA,2019-11-12,50,50,50,50,10000,1,0
MITI,2019-11-12,0,0,0,51,0,0,0
MKNT,2019-11-12,50,52,50,50,130698500,1565,0
MKPI,2019-11-12,0,0,0,13500,0,0,0
MLBI,2019-11-12,0,0,0,16500,0,0,0
MLIA,2019-11-12,1195,1195,1180,1180,3479600,974,0
MLPL,2019-11-12,79,79,74,76,2651600,198,394600
MLPT,2019-11-12,700,700,700,700,100,1,0
MMLP,2019-11-12,330,334,330,334,600,2,0
MNCN,2019-11-12,1445,1455,1390,1430,33467100,5973,1002100
MOLI,2019-11-12,785,785,785,785,11600,3,11600
MPMX,2019-11-12,700,710,695,700,1246600,271,0
MPOW,2019-11-12,138,140,129,131,35300,21,0
MPPA,2019-11-12,151,155,151,152,1580700,200,194900
MPRO,2019-11-12,0,0,0,2780,0,0,0
MRAT,2019-11-12,158,162,158,162,1600,3,0
MREI,2019-11-12,4900,4950,4900,4950,8000,8,0
MSIN,2019-11-12,470,470,460,470,616100,1353,-335600
MSKY,2019-11-12,0,0,0,970,0,0,0
MTDL,2019-11-12,1850,1880,1590,1850,20029800,3606,226500
MTFN,2019-11-12,0,0,0,50,0,0,0
MTLA,2019-11-12,0,0,0,460,0,0,0
MTPS,2019-11-12,1075,1145,1070,1080,1104200,241,-10300
MTRA,2019-11-12,340,340,340,340,42500,9,0
MTSM,2019-11-12,0,0,0,224,0,0,0
MTWI,2019-11-12,60,81,59,81,18923200,1672,-100000
MYOH,2019-11-12,1275,1295,1250,1295,70000,42,12800
MYOR,2019-11-12,2120,2140,2100,2130,877500,589,72700
MYRX,2019-11-12,50,50,50,50,33714400,194,-9445700
MYRXP,2019-11-12,0,0,0,50,0,0,0
MYTX,2019-11-12,61,61,61,61,100,1,0
NASA,2019-11-12,695,700,690,695,4668600,543,13700
NATO,2019-11-12,695,705,695,705,13697200,1285,-247700
NELY,2019-11-12,150,150,150,150,600,1,0
NFCX,2019-11-12,3170,3170,3070,3100,846700,164,238500
NICK,2019-11-12,298,298,298,298,100,1,0
NIKL,2019-11-12,890,905,870,870,105300,99,0
NIPS,2019-11-12,0,0,0,282,0,0,0
NIRO,2019-11-12,140,140,140,140,200,1,0
NISP,2019-11-12,830,835,830,835,5300,8,0
NOBU,2019-11-12,0,0,0,875,0,0,0
NRCA,2019-11-12,382,382,378,378,156200,32,0
NUSA,2019-11-12,50,50,50,50,579500,328,0
NZIA,2019-11-12,910,1060,825,1060,3231200,1310,105200
OASA,2019-11-12,330,330,330,330,1000,1,0
OCAP,2019-11-12,210,250,210,246,9900,5,0
OKAS,2019-11-12,163,179,153,174,120500,73,0
OMRE,2019-11-12,1180,1550,950,1350,5900,13,0
OPMS,2019-11-12,120,122,119,120,3688100,426,0
PADI,2019-11-12,464,494,360,434,1062200,236,1200
PALM,2019-11-12,222,222,222,222,200,2,0
PAMG,2019-11-12,126,127,121,121,1013200,162,77700
PANI,2019-11-12,109,117,106,110,15700,13,0
PANR,2019-11-12,342,342,340,342,1031800,167,0
PANS,2019-11-12,1560,1560,1420,1490,165000,60,0
PBID,2019-11-12,1035,1035,995,1030,246900,29,0
PBRX,2019-11-12,715,715,715,715,3000,1,0
PBSA,2019-11-12,402,404,402,402,7600,5,0
PCAR,2019-11-12,1410,1680,1150,1680,8200,34,3300
PDES,2019-11-12,760,845,760,845,1100,6,500
PEGE,2019-11-12,0,0,0,240,0,0,0
PEHA,2019-11-12,1155,1175,1120,1150,32100,53,0
PGAS,2019-11-12,2020,2020,2000,2010,13786100,3566,-1167000
PGLI,2019-11-12,150,150,142,148,18400,18,0
PICO,2019-11-12,3520,3540,3510,3510,1789600,351,0
PJAA,2019-11-12,1105,1140,1065,1085,34300,240,17500
PKPK,2019-11-12,67,75,67,75,118400,56,0
PLAS,2019-11-12,0,0,0,50,0,0,0
PLIN,2019-11-12,0,0,0,3280,0,0,0
PNBN,2019-11-12,1285,1300,1275,1290,293400,100,-84000
PNBS,2019-11-12,50,50,50,50,170400,18,0
PNIN,2019-11-12,1155,1155,1140,1145,133800,36,70700
PNLF,2019-11-12,288,288,284,284,11699300,1806,-1872800
PNSE,2019-11-12,450,450,450,450,100,1,0
POLA,2019-11-12,925,1050,730,730,600,5,0
POLI,2019-11-12,1660,1980,1350,1940,3200,13,0
POLL,2019-11-12,8200,8200,8100,8200,366300,907,-5600
POLU,2019-11-12,1900,1900,1900,1900,600,2,0
POLY,2019-11-12,56,65,56,65,7772200,821,0
POOL,2019-11-12,1270,1300,1190,1225,49901200,833,-490200
PORT,2019-11-12,0,0,0,454,0,0,0
POSA,2019-11-12,50,51,50,50,8494100,479,-15000
POWR,2019-11-12,1060,1065,1045,1060,2070600,94,1250900
PPRE,2019-11-12,252,256,246,254,6499800,2139,-320600
PPRO,2019-11-12,94,96,94,95,36938400,1357,-1772600
PRAS,2019-11-12,0,0,0,162,0,0,0
PRDA,2019-11-12,3960,4050,3950,4050,6100,9,3800
PRIM,2019-11-12,296,296,296,296,100,1,0
PSAB,2019-11-12,276,278,260,274,74645200,6089,-5549800
PSDN,2019-11-12,0,0,0,134,0,0,0
PSKT,2019-11-12,0,0,0,50,0,0,0
PSSI,2019-11-12,173,178,170,171,524800,17,-500000
PTBA,2019-11-12,2600,2670,2550,2620,40791500,9356,4813200
PTIS,2019-11-12,0,0,0,252,0,0,0
PTPP,2019-11-12,1550,1575,1515,1530,25641100,3606,5489500
PTRO,2019-11-12,1680,1705,1665,1665,1020200,566,0
PTSN,2019-11-12,328,334,320,328,698300,186,-268300
PTSP,2019-11-12,0,0,0,4550,0,0,0
PUDP,2019-11-12,0,0,0,346,0,0,0
PURE,2019-11-12,1200,1225,990,1215,236489000,15954,308000
PWON,2019-11-12,570,585,565,585,38000600,3126,5649000
PYFA,2019-11-12,0,0,0,202,0,0,0
PZZA,2019-11-12,1160,1165,1150,1150,171600,64,-54600
R-ABFII,2019-11-12,0,0,0,28600,0,0,0
RAJA,2019-11-12,212,216,206,210,1821600,187,0
RALS,2019-11-12,1135,1175,1120,1150,4297500,1964,1956300
RANC,2019-11-12,0,0,0,342,0,0,0
RBMS,2019-11-12,82,90,82,86,4564900,699,0
RDTX,2019-11-12,5800,5800,5775,5775,900,3,0
RELI,2019-11-12,180,180,180,180,100,1,0
RICY,2019-11-12,150,160,150,160,1200,6,0
RIGS,2019-11-12,234,256,232,236,87900,16,0
RIMO,2019-11-12,50,50,50,50,2577300,31,300
RISE,2019-11-12,635,645,615,640,2188200,229,34500
RMBA,2019-11-12,340,350,340,350,600,4,0
RODA,2019-11-12,189,189,180,180,800,4,0
ROTI,2019-11-12,1315,1325,1300,1320,2937800,217,-84600
RUIS,2019-11-12,250,250,232,232,300,2,0
SAFE,2019-11-12,190,200,190,200,395300,52,0
SAME,2019-11-12,238,296,238,250,133900,35,-31400
SAPX,2019-11-12,0,0,0,850,0,0,0
SATU,2019-11-12,90,94,89,91,211500,38,0
SCBD,2019-11-12,0,0,0,2700,0,0,0
SCCO,2019-11-12,0,0,0,9300,0,0,0
SCMA,2019-11-12,1275,1350,1250,1330,46263600,6573,17379200
SCPI,2019-11-12,0,0,0,29000,0,0,0
SDMU,2019-11-12,50,50,50,50,300,3,0
SDPC,2019-11-12,100,100,92,92,3900,2,0
SDRA,2019-11-12,0,0,0,780,0,0,0
SFAN,2019-11-12,1005,1010,1005,1010,692700,157,0
SGRO,2019-11-12,2390,2450,2360,2450,79500,24,-5000
SHID,2019-11-12,0,0,0,3300,0,0,0
SHIP,2019-11-12,800,805,795,800,809400,82,0
SIDO,2019-11-12,1180,1205,1160,1195,3661700,2366,-8374600
SILO,2019-11-12,7175,7175,7050,7175,30700,86,-10900
SIMA,2019-11-12,50,50,50,50,124000,21,0
SIMP,2019-11-12,374,376,364,364,23596200,1108,3423700
SINI,2019-11-12,306,306,306,306,237500,709,0
SIPD,2019-11-12,1100,1100,1100,1100,10300,2,0
SKBM,2019-11-12,380,380,380,380,19300,5,0
SKLT,2019-11-12,0,0,0,1610,0,0,0
SKRN,2019-11-12,570,595,565,565,449700,82,0
SKYB,2019-11-12,85,106,83,106,54214900,5057,80000
SLIS,2019-11-12,4350,4880,3150,4350,5184900,6084,-600
SMAR,2019-11-12,3890,3890,3850,3850,6600,8,0
SMBR,2019-11-12,550,560,510,530,8812300,1581,282200
SMCB,2019-11-12,1325,1340,1305,1305,16500,29,-200
SMDM,2019-11-12,0,0,0,130,0,0,0
SMDR,2019-11-12,266,266,260,262,127800,37,0
SMGR,2019-11-12,12500,12650,12450,12650,3933500,3008,1394700
SMKL,2019-11-12,220,224,218,224,103300,54,0
SMMA,2019-11-12,12900,13000,12900,13000,600,3,0
SMMT,2019-11-12,120,122,120,122,23500,7,0
SMRA,2019-11-12,1170,1185,1160,1160,2585800,961,-377200
SMRU,2019-11-12,50,50,50,50,26700,4,0
SMSM,2019-11-12,1400,1420,1395,1410,3933600,2025,120500
SOCI,2019-11-12,200,210,195,202,24059900,1027,-353700
SONA,2019-11-12,6100,6100,6100,6100,6000,3,0
SOSS,2019-11-12,400,400,396,398,11200,6,0
SOTS,2019-11-12,240,260,240,260,5100,6,0
SPMA,2019-11-12,340,344,336,340,12500,9,0
SPTO,2019-11-12,980,985,975,975,3464400,266,709100
SQMI,2019-11-12,580,605,436,555,179602300,7310,-292000
SRAJ,2019-11-12,274,282,252,274,29400,11,1900
SRIL,2019-11-12,276,278,272,276,9206800,912,2519800
SRSN,2019-11-12,68,68,66,67,379900,63,0
SRTG,2019-11-12,3700,3700,3660,3660,201200,47,133900
SSIA,2019-11-12,715,730,705,710,26723600,1589,-2017000
SSMS,2019-11-12,810,810,785,790,74069200,938,785500
SSTM,2019-11-12,0,0,0,480,0,0,0
STAR,2019-11-12,99,99,99,99,900,4,0
STTP,2019-11-12,0,0,0,4200,0,0,0
SUGI,2019-11-12,0,0,0,50,0,0,0
SULI,2019-11-12,50,50,50,50,2010500,5,0
SUPR,2019-11-12,0,0,0,3160,0,0,0
SURE,2019-11-12,2950,2990,2950,2990,407400,240,0
SWAT,2019-11-12,110,110,101,107,10296700,2273,0
TALF,2019-11-12,378,378,378,378,100,1,0
TAMU,2019-11-12,500,525,480,515,28135800,3770,-776300
TARA,2019-11-12,735,740,725,730,86866600,5569,-293200
TAXI,2019-11-12,50,50,50,50,20800,4,0
TBIG,2019-11-12,5550,5625,5425,5550,11050700,3902,1906500
TBLA,2019-11-12,945,945,920,930,2125700,592,410200
TBMS,2019-11-12,0,0,0,830,0,0,0
TCID,2019-11-12,0,0,0,11600,0,0,0
TCPI,2019-11-12,4510,4900,4510,4610,5521000,7015,-37500
TDPM,2019-11-12,242,244,234,234,15421900,180,-23800
TELE,2019-11-12,302,314,296,308,40812000,3253,239600
TFAS,2019-11-12,191,195,187,191,3498000,349,3800
TFCO,2019-11-12,0,0,0,520,0,0,0
TGKA,2019-11-12,0,0,0,4600,0,0,0
TGRA,2019-11-12,550,550,418,418,1041000,318,216500
TIFA,2019-11-12,174,174,173,173,15200,4,0
TINS,2019-11-12,820,825,805,805,10204300,1790,32600
TIRA,2019-11-12,0,0,0,250,0,0,0
TIRT,2019-11-12,52,57,51,57,192800,42,0
TKIM,2019-11-12,12100,12325,12025,12325,1381900,2272,-478700
TLKM,2019-11-12,4050,4190,4050,4180,88251100,8331,-6226500
TMAS,2019-11-12,115,116,113,115,4586200,261,0
TMPO,2019-11-12,0,0,0,150,0,0,0
TNCA,2019-11-12,272,282,260,270,107700,29,0
TOBA,2019-11-12,350,362,350,362,10200,4,0
TOPS,2019-11-12,580,580,555,555,3294500,309,1990900
TOTL,2019-11-12,418,418,410,418,452700,124,210200
TOTO,2019-11-12,300,300,296,298,79600,44,0
TOWR,2019-11-12,655,660,650,660,35027000,6773,-1373000
TPIA,2019-11-12,9300,9450,9300,9450,4553500,1050,57000
TPMA,2019-11-12,260,264,250,264,1100,3,0
TRAM,2019-11-12,55,57,53,56,653855100,2819,-31435700
TRIL,2019-11-12,0,0,0,50,0,0,0
TRIM,2019-11-12,0,0,0,150,0,0,0
TRIO,2019-11-12,0,0,0,426,0,0,0
TRIS,2019-11-12,256,264,242,258,90300,49,0
TRST,2019-11-12,380,380,380,380,40000,1,0
TRUK,2019-11-12,111,113,111,113,471900,59,0
TRUS,2019-11-12,0,0,0,354,0,0,0
TSPC,2019-11-12,1420,1420,1400,1420,33100,15,3700
TUGU,2019-11-12,3450,3450,3450,3450,2000,1,-2000
TURI,2019-11-12,980,985,980,980,31000,6,0
ULTJ,2019-11-12,1660,1665,1645,1665,148500,116,-58500
UNIC,2019-11-12,3800,3800,3800,3800,200,2,0
UNIT,2019-11-12,180,190,180,190,500,2,0
UNSP,2019-11-12,94,96,93,96,29500,25,0
UNTR,2019-11-12,23325,23850,23000,23800,3901500,5471,-223200
UNVR,2019-11-12,43275,43275,42800,43200,1551800,3892,438200
URBN,2019-11-12,2160,2160,2160,2160,7300,3,0
VICO,2019-11-12,107,107,101,106,140800,15,0
VINS,2019-11-12,100,135,97,135,1651800,478,0
VIVA,2019-11-12,71,72,70,72,89967400,537,552000
VOKS,2019-11-12,284,288,282,286,1896400,242,0
VRNA,2019-11-12,0,0,0,111,0,0,0
WAPO,2019-11-12,84,85,84,85,2300,3,0
WEGE,2019-11-12,306,308,302,306,5493600,483,285800
WEHA,2019-11-12,152,152,151,152,1996500,157,0
WICO,2019-11-12,0,0,0,520,0,0,0
WIIM,2019-11-12,170,170,165,168,1196800,188,-30400
WIKA,2019-11-12,1905,1920,1885,1900,17393200,3128,-2667100
WINS,2019-11-12,127,127,123,127,186900,52,-4000
WOMF,2019-11-12,286,290,282,288,67300,40,0
WOOD,2019-11-12,715,715,675,695,11029900,562,2122400
WOWS,2019-11-12,444,446,432,440,13213000,1226,2100000
WSBP,2019-11-12,316,320,316,316,10963000,1262,-537300
WSKT,2019-11-12,1485,1490,1455,1460,18276600,3032,-411300
WTON,2019-11-12,420,424,412,416,10897100,1424,3262100
XMJM,2019-11-12,0,0,0,1000,0,0,0
XPMI,2019-11-12,955,965,955,965,300,0,0
XSPI,2019-11-12,0,0,0,750,0,0,0
YELO,2019-11-12,101,104,101,103,1028900,171,0
YPAS,2019-11-12,0,0,0,498,0,0,0
YULE,2019-11-12,178,178,175,175,400,4,0
ZBRA,2019-11-12,0,0,0,50,0,0,0
ZINC,2019-11-12,352,358,346,348,114817600,1745,542500
ZONE,2019-11-12,456,456,452,454,104800,21,0
