AALI,2019-10-30,11200,11400,11000,11350,1311400,1180,-120100
ABBA,2019-10-30,153,155,147,149,29828900,2261,-402400
ABDA,2019-10-30,0,0,0,6975,0,0,0
ABMM,2019-10-30,1490,1495,1470,1495,4600,7,0
ACES,2019-10-30,1780,1780,1745,1750,17309700,3278,2460900
ACST,2019-10-30,1195,1200,1185,1190,410500,62,380900
ADES,2019-10-30,1095,1100,1085,1085,18100,29,0
ADHI,2019-10-30,1290,1300,1280,1285,2796200,773,5500
ADMF,2019-10-30,10700,10700,10625,10700,3400,12,1100
ADMG,2019-10-30,200,204,199,204,599600,87,0
ADRO,2019-10-30,1320,1335,1300,1305,34870600,5499,9782100
AGII,2019-10-30,590,620,590,600,40900,33,18900
AGRO,2019-10-30,222,222,216,216,1124200,254,0
AGRS,2019-10-30,177,177,174,174,131200,33,0
AHAP,2019-10-30,70,72,69,69,532000,104,0
AIMS,2019-10-30,0,0,0,180,0,0,0
AISA,2019-10-30,0,0,0,168,0,0,0
AKKU,2019-10-30,50,50,50,50,19400,22,0
AKPI,2019-10-30,360,380,360,380,38900,10,-18700
AKRA,2019-10-30,4020,4070,4010,4060,5172100,2086,1524300
AKSI,2019-10-30,760,810,760,810,5309600,590,-269100
ALDO,2019-10-30,380,418,380,410,82400,7,0
ALKA,2019-10-30,0,0,0,498,0,0,0
ALMI,2019-10-30,380,380,380,380,200,1,0
ALTO,2019-10-30,372,386,370,380,2370400,162,0
AMAG,2019-10-30,304,304,304,304,100,1,0
AMFG,2019-10-30,4000,4000,3960,4000,6800,13,0
AMIN,2019-10-30,318,318,304,310,1600,5,0
AMRT,2019-10-30,915,915,910,910,3700,15,2500
ANDI,2019-10-30,1435,1435,1400,1420,2635000,133,2400
ANJT,2019-10-30,820,820,795,820,8100,6,300
ANTM,2019-10-30,930,940,925,930,69322000,3784,-1423400
APEX,2019-10-30,505,505,460,480,4600,10,0
APIC,2019-10-30,725,730,725,730,20488300,1374,92900
APII,2019-10-30,188,190,162,182,9100,10,0
APLI,2019-10-30,99,114,99,114,330000,28,0
APLN,2019-10-30,224,226,214,218,24022700,1490,281200
APOL,2019-10-30,50,50,50,50,2100,2,0
APOL-W2,2019-10-30,48,48,31,31,100000,0,0
ARGO,2019-10-30,0,0,0,825,0,0,0
ARII,2019-10-30,640,640,640,640,15000,4,400
ARKA,2019-10-30,1685,1685,1600,1600,293800,125,-3600
ARMY,2019-10-30,200,200,195,200,155323600,288,336000
ARNA,2019-10-30,505,510,500,510,38500,33,1300
ARTA,2019-10-30,0,0,0,390,0,0,0
ARTI,2019-10-30,50,50,50,50,400,4,0
ARTO,2019-10-30,0,0,0,2630,0,0,0
ASBI,2019-10-30,310,310,310,310,3000,3,0
ASDM,2019-10-30,1075,1075,1075,1075,100,1,0
ASGR,2019-10-30,995,1000,995,995,28600,23,0
ASII,2019-10-30,7000,7000,6875,6950,22319800,4392,7681400
ASJT,2019-10-30,184,185,184,184,120400,7,0
ASMI,2019-10-30,965,965,960,960,1027700,22,38700
ASRI,2019-10-30,284,286,280,280,6745400,414,972600
ASRM,2019-10-30,2080,2120,2080,2120,9400,10,-8800
ASSA,2019-10-30,790,790,770,770,6171600,451,-37700
ATIC,2019-10-30,790,790,790,790,500,1,0
AUTO,2019-10-30,1295,1295,1270,1270,1689900,545,308100
BABP,2019-10-30,51,51,50,50,5428400,360,0
BABP-W3,2019-10-30,43,43,42,42,12300,0,0
BACA,2019-10-30,266,300,266,300,342500,18,0
BACA-W2,2019-10-30,0,0,0,100,0,0,0
BAJA,2019-10-30,86,86,82,84,335200,108,0
BALI,2019-10-30,1350,1425,1350,1425,103300,15,0
BAPA,2019-10-30,82,82,78,82,278500,20,0
BAPI,2019-10-30,50,50,50,50,434000,112,0
BAPI-W,2019-10-30,7,7,6,6,10897500,0,0
BATA,2019-10-30,700,705,680,680,3100,4,-500
BAYU,2019-10-30,1515,1515,1510,1510,1600,3,0
BBCA,2019-10-30,31400,31425,31000,31325,12147600,6026,-4783796
BBHI,2019-10-30,182,184,179,184,57900,15,0
BBKP,2019-10-30,268,268,264,264,1100300,282,-321500
BBLD,2019-10-30,446,446,446,446,600,1,0
BBMD,2019-10-30,0,0,0,2430,0,0,0
BBNI,2019-10-30,7750,7850,7625,7750,23345600,4209,5723500
BBRI,2019-10-30,4260,4260,4190,4250,47442000,6348,-10319000
BBRM,2019-10-30,0,0,0,50,0,0,0
BBTN,2019-10-30,1935,1940,1905,1910,23577500,4352,9108600
BBYB,2019-10-30,300,300,294,298,66000,20,400
BCAP,2019-10-30,159,160,152,159,2573900,359,-5149600
BCIC,2019-10-30,0,0,0,450,0,0,0
BCIP,2019-10-30,84,88,83,88,5158200,189,0
BDMN,2019-10-30,4420,4420,4330,4350,4802900,2460,1929700
BEEF,2019-10-30,326,334,324,330,2444000,216,-5500
BEEF-W,2019-10-30,38,38,36,38,147500,0,0
BEKS,2019-10-30,50,50,50,50,6000,6,0
BELL,2019-10-30,520,520,520,520,37700,24,0
BEST,2019-10-30,258,270,258,266,13014200,770,-760600
BFIN,2019-10-30,600,600,595,600,439100,43,339000
BGTG,2019-10-30,69,71,68,70,1499900,155,0
BHIT,2019-10-30,73,74,72,72,8213300,202,-13400
BIKA,2019-10-30,175,206,175,199,37200,45,0
BIMA,2019-10-30,50,50,50,50,100,1,0
BINA,2019-10-30,865,880,865,880,700,3,0
BIPI,2019-10-30,50,50,50,50,3488500,65,0
BIPI-W,2019-10-30,12,16,12,14,32688200,0,0
BIPP,2019-10-30,69,75,69,75,3100,3,0
BIPP-W2,2019-10-30,0,0,0,1,0,0,0
BIRD,2019-10-30,2320,2330,2290,2310,1838500,54,0
BISI,2019-10-30,1360,1360,1345,1350,29200,37,0
BJBR,2019-10-30,1815,1830,1750,1790,8088200,433,-700
BJTM,2019-10-30,680,705,680,700,46769600,1488,-13556400
BKDP,2019-10-30,58,58,57,57,2100,4,0
BKSL,2019-10-30,123,123,120,121,355523300,1155,-178100
BKSW,2019-10-30,220,228,220,228,4800,3,0
BLTA,2019-10-30,50,50,50,50,100,1,0
BLTZ,2019-10-30,0,0,0,3000,0,0,0
BLUE,2019-10-30,478,480,466,466,139600,70,0
BMAS,2019-10-30,294,296,294,296,3000,2,0
BMRI,2019-10-30,7075,7075,6975,7025,23833600,5882,3817500
BMSR,2019-10-30,87,90,85,85,23800,19,0
BMTR,2019-10-30,390,392,376,378,24699700,1678,7318700
BNBA,2019-10-30,336,336,320,320,178400,43,0
BNBR,2019-10-30,50,50,50,50,100700,4,0
BNGA,2019-10-30,1000,1005,985,995,3505600,694,956170
BNII,2019-10-30,226,228,222,224,527000,112,-113300
BNLI,2019-10-30,1360,1375,1335,1365,45377700,2229,553300
BOGA,2019-10-30,815,825,810,820,5831300,856,-101400
BOLA,2019-10-30,360,360,358,360,33300,21,0
BOLT,2019-10-30,875,885,875,885,99800,112,0
BORN,2019-10-30,0,0,0,50,0,0,0
BOSS,2019-10-30,416,438,396,438,7757200,1362,4000
BPFI,2019-10-30,0,0,0,1145,0,0,0
BPII,2019-10-30,0,0,0,10000,0,0,0
BPTR,2019-10-30,107,129,106,110,78709600,21502,0
BRAM,2019-10-30,0,0,0,16000,0,0,0
BRIS,2019-10-30,398,402,392,392,3615800,647,-4000
BRMS,2019-10-30,53,64,53,58,1093805900,9673,69495000
BRNA,2019-10-30,0,0,0,1040,0,0,0
BRPT,2019-10-30,1000,1005,960,970,52005400,3249,6069300
BSDE,2019-10-30,1485,1485,1430,1460,12690800,3093,5362200
BSIM,2019-10-30,555,560,550,560,3700,7,0
BSIM-W3,2019-10-30,50,50,49,49,1600,0,0
BSSR,2019-10-30,0,0,0,1790,0,0,0
BSWD,2019-10-30,0,0,0,1750,0,0,0
BTEK,2019-10-30,78,84,78,83,826751200,1527,-2238900
BTEL,2019-10-30,0,0,0,50,0,0,0
BTON,2019-10-30,206,206,202,202,11400,7,0
BTPN,2019-10-30,3210,3240,3210,3230,20500,28,0
BTPS,2019-10-30,3810,4050,3810,4020,35486500,6113,-5958200
BUDI,2019-10-30,100,101,100,101,86900,4,0
BUKK,2019-10-30,1890,1910,1730,1730,104200,97,1700
BULL,2019-10-30,190,193,187,191,34342200,361,5861000
BULL-W2,2019-10-30,30,30,29,30,350300,0,0
BUMI,2019-10-30,93,94,87,88,708865800,8651,141531100
BUVA,2019-10-30,85,87,84,84,60500,25,0
BVIC,2019-10-30,164,199,163,170,35017600,126,-13300
BWPT,2019-10-30,125,127,124,124,8475400,393,-362500
BYAN,2019-10-30,13675,16350,13675,16350,3800,8,3000
CAKK,2019-10-30,93,105,93,98,511700,156,0
CAKK-W,2019-10-30,24,26,24,25,4593100,0,0
CAMP,2019-10-30,434,440,412,426,741600,377,0
CANI,2019-10-30,196,196,142,143,43200,42,0
CARS,2019-10-30,226,226,222,222,561000,11,0
CASA,2019-10-30,386,386,384,384,9917500,870,377400
CASS,2019-10-30,0,0,0,625,0,0,0
CCSI,2019-10-30,284,284,278,278,3820300,565,-55500
CEKA,2019-10-30,1590,1600,1560,1570,141700,85,0
CENT,2019-10-30,78,79,77,78,2385400,106,0
CFIN,2019-10-30,298,298,290,290,641900,117,563300
CINT,2019-10-30,242,250,242,250,93700,27,0
CITA,2019-10-30,0,0,0,1925,0,0,0
CITY,2019-10-30,179,190,179,187,8900,10,0
CITY-W,2019-10-30,80,80,63,78,81900,0,0
CKRA,2019-10-30,0,0,0,76,0,0,0
CLAY,2019-10-30,5000,5050,4730,4880,822900,446,73400
CLEO,2019-10-30,570,570,550,560,14199600,1447,579100
CLPI,2019-10-30,790,790,785,790,13300,17,0
CMNP,2019-10-30,1950,2000,1910,1995,32000,21,400
CMPP,2019-10-30,0,0,0,184,0,0,0
CNKO,2019-10-30,50,50,50,50,200,1,0
CNTB,2019-10-30,0,0,0,250,0,0,0
CNTX,2019-10-30,0,0,0,438,0,0,0
COCO,2019-10-30,925,925,920,920,2639500,270,-39300
COCO-W,2019-10-30,0,0,0,270,0,0,0
COWL,2019-10-30,200,204,200,204,28509800,21,0
CPIN,2019-10-30,6525,6525,6325,6425,5660800,3357,-230300
CPRI,2019-10-30,53,53,52,52,1772800,185,0
CPRI-W,2019-10-30,28,33,28,31,4440100,0,0
CPRO,2019-10-30,50,50,50,50,10500,4,0
CSAP,2019-10-30,448,450,446,448,706100,30,500000
CSIS,2019-10-30,98,98,95,97,474800,62,0
CTBN,2019-10-30,0,0,0,3230,0,0,0
CTRA,2019-10-30,1160,1180,1155,1160,7993900,1572,367600
CTTH,2019-10-30,80,85,80,84,161900,36,81200
DART,2019-10-30,384,384,384,384,100,1,0
DAYA,2019-10-30,308,308,294,294,3200,3,0
DEAL,2019-10-30,1920,1940,1915,1930,15095000,994,-180200
DEAL-W,2019-10-30,0,0,0,1205,0,0,0
DEFI,2019-10-30,0,0,0,1775,0,0,0
DEWA,2019-10-30,50,50,50,50,400,2,0
DFAM,2019-10-30,1085,1090,1055,1090,14945700,381,0
DGIK,2019-10-30,50,50,50,50,100,1,0
DIGI,2019-10-30,1740,1750,1740,1750,1376000,2,0
DILD,2019-10-30,332,336,324,326,3594000,469,1796100
DIVA,2019-10-30,3580,3710,3580,3680,4068600,367,314500
DKFT,2019-10-30,210,210,204,204,35399200,2001,-226200
DLTA,2019-10-30,6825,6850,6825,6850,600,4,0
DMAS,2019-10-30,306,318,300,300,106340300,4659,777500
DMMX,2019-10-30,288,288,274,274,20890500,1011,-3174000
DNAR,2019-10-30,290,290,270,270,2400,3,0
DNET,2019-10-30,3020,3060,3020,3060,2900,3,0
DOID,2019-10-30,324,360,324,338,106770200,5310,8433500
DPNS,2019-10-30,0,0,0,284,0,0,0
DPUM,2019-10-30,110,113,109,113,303300,13,0
DSFI,2019-10-30,112,113,109,109,2898400,106,0
DSNG,2019-10-30,334,376,334,346,2305700,98,-1494800
DSSA,2019-10-30,0,0,0,18750,0,0,0
DUCK,2019-10-30,1845,1925,1800,1900,12307900,401,-905900
DUTI,2019-10-30,0,0,0,5000,0,0,0
DVLA,2019-10-30,2240,2250,2220,2240,92200,52,9700
DWGL,2019-10-30,288,298,284,292,1166300,141,-6100
DYAN,2019-10-30,131,135,130,131,3756200,74,0
EAST,2019-10-30,107,108,89,98,43391100,3774,-1350000
EAST-W,2019-10-30,15,15,13,14,20156200,0,0
ECII,2019-10-30,1120,1120,1120,1120,20100,2,20100
EKAD,2019-10-30,910,925,900,900,368000,146,19900
ELSA,2019-10-30,326,328,316,316,26713700,1743,-166600
ELTY,2019-10-30,0,0,0,50,0,0,0
EMDE,2019-10-30,0,0,0,232,0,0,0
EMTK,2019-10-30,5300,5500,5300,5500,300,3,0
ENRG,2019-10-30,57,60,56,57,70366400,1194,-969200
ENVY,2019-10-30,2440,2490,2440,2480,11698000,1591,26100
EPMT,2019-10-30,0,0,0,2110,0,0,0
ERAA,2019-10-30,1675,1810,1675,1800,60166400,9060,13847600
ERTX,2019-10-30,139,139,139,139,200,1,0
ESSA,2019-10-30,306,314,306,308,14017200,751,1639700
ESTI,2019-10-30,99,100,98,99,1668800,167,0
ETWA,2019-10-30,78,78,73,75,85600,25,0
EXCL,2019-10-30,3520,3560,3500,3550,18887100,5245,6359600
FAST,2019-10-30,2730,2730,2720,2720,400,3,0
FASW,2019-10-30,7550,7550,7550,7550,11100,16,0
FILM,2019-10-30,228,252,228,238,8107900,1480,-60600
FINN,2019-10-30,50,50,50,50,100,1,0
FIRE,2019-10-30,2450,2450,2380,2400,46861900,232,10800
FISH,2019-10-30,0,0,0,2440,0,0,0
FITT,2019-10-30,95,100,95,95,11942400,261,0
FITT-W,2019-10-30,36,44,35,39,4625800,0,0
FMII,2019-10-30,0,0,0,550,0,0,0
FOOD,2019-10-30,123,129,123,126,575500,121,0
FORU,2019-10-30,0,0,0,110,0,0,0
FORZ,2019-10-30,950,960,940,960,38461100,88,200000
FPNI,2019-10-30,129,130,127,130,119400,30,0
FREN,2019-10-30,151,154,149,149,67853300,5752,7635700
FREN-W,2019-10-30,88,91,88,89,199600,0,0
FUJI,2019-10-30,114,116,111,113,537400,104,0
GAMA,2019-10-30,50,50,50,50,100,1,0
GDST,2019-10-30,86,89,83,84,377400,91,0
GDYR,2019-10-30,0,0,0,1985,0,0,0
GEMA,2019-10-30,0,0,0,370,0,0,0
GEMS,2019-10-30,0,0,0,2550,0,0,0
GGRM,2019-10-30,55200,56275,54400,56050,2456500,5130,-1143500
GGRP,2019-10-30,700,740,700,715,201000,78,-13400
GHON,2019-10-30,0,0,0,1390,0,0,0
GIAA,2019-10-30,590,595,575,590,8867400,1148,-1127900
GJTL,2019-10-30,645,650,635,650,2588700,362,-11000
GLOB,2019-10-30,426,444,420,420,1400,3,0
GMFI,2019-10-30,186,189,185,188,1707600,211,-250000
GMTD,2019-10-30,18000,18000,18000,18000,1000,1,0
GOLD,2019-10-30,230,230,230,230,1000,1,0
GOLL,2019-10-30,0,0,0,50,0,0,0
GOOD,2019-10-30,1615,1615,1585,1590,337200,155,0
GPRA,2019-10-30,91,91,90,91,57400,18,0
GREN,2019-10-30,0,0,0,328,0,0,0
GSMF,2019-10-30,121,128,119,120,1241700,97,0
GTBO,2019-10-30,170,171,168,171,15500,11,0
GWSA,2019-10-30,171,171,170,170,20000,4,0
GZCO,2019-10-30,50,50,50,50,800,1,800
HADE,2019-10-30,0,0,0,50,0,0,0
HDFA,2019-10-30,142,144,142,144,2500,2,0
HDIT,2019-10-30,760,760,750,750,6400,4,0
HDTX,2019-10-30,0,0,0,120,0,0,0
HEAL,2019-10-30,3700,4010,3700,3910,1274300,474,12502700
HELI,2019-10-30,152,157,152,153,2600,10,0
HERO,2019-10-30,780,780,780,780,100,1,100
HEXA,2019-10-30,3080,3080,3050,3050,10200,24,0
HITS,2019-10-30,645,645,645,645,5000,1,0
HKMU,2019-10-30,338,338,332,336,9483600,290,199100
HMSP,2019-10-30,2150,2170,2120,2140,40997400,4785,5521900
HOKI,2019-10-30,885,935,885,925,27323600,1131,-1337800
HOME,2019-10-30,81,82,80,80,3435733200,2367,7108200
HOTL,2019-10-30,165,165,155,160,19978200,435,0
HRME,2019-10-30,1030,1045,1010,1020,16575100,2813,-5000
HRTA,2019-10-30,304,310,300,300,34500,34,1100
HRUM,2019-10-30,1350,1350,1335,1350,662600,231,60200
IATA,2019-10-30,50,50,50,50,10100,1,0
IBFN,2019-10-30,236,236,236,236,100,1,0
IBFN-W,2019-10-30,29,29,24,27,5100,0,0
IBST,2019-10-30,0,0,0,9775,0,0,0
ICBP,2019-10-30,11850,11850,11600,11675,4996400,2736,-2753200
ICON,2019-10-30,100,102,99,102,27200,13,0
IDPR,2019-10-30,352,352,352,352,100,1,0
IGAR,2019-10-30,320,340,320,340,389200,93,0
IIKP,2019-10-30,50,50,50,50,311700,17,-198000
IKAI,2019-10-30,153,153,150,151,4759900,107,-92100
IKBI,2019-10-30,270,290,262,270,135400,67,0
IMAS,2019-10-30,1445,1455,1410,1415,451500,298,11300
IMJS,2019-10-30,374,376,372,374,171300,37,0
IMPC,2019-10-30,1040,1045,1035,1045,395900,42,0
INAF,2019-10-30,1130,1160,1120,1120,1385000,236,97500
INAI,2019-10-30,434,434,432,432,10500,12,0
INCF,2019-10-30,54,56,54,55,3509700,200,0
INCI,2019-10-30,0,0,0,438,0,0,0
INCO,2019-10-30,3720,3780,3710,3760,26441700,5401,-160900
INDF,2019-10-30,7600,7600,7525,7600,4998800,2388,3223700
INDR,2019-10-30,3510,3680,3510,3660,26000,59,100
INDS,2019-10-30,2630,2660,2610,2610,2828500,432,-788800
INDX,2019-10-30,65,71,64,70,384700,51,0
INDY,2019-10-30,1330,1345,1320,1330,7249500,958,27200
INKP,2019-10-30,7575,7625,7375,7500,8472000,4823,623200
INOV,2019-10-30,382,386,374,374,2135300,447,0
INPC,2019-10-30,68,70,68,69,84900,28,0
INPP,2019-10-30,800,800,750,760,5400,13,0
INPS,2019-10-30,4300,5000,4300,5000,347900,703,1400
INRU,2019-10-30,825,825,825,825,100,1,0
INTA,2019-10-30,462,462,452,460,756100,133,0
INTD,2019-10-30,228,230,226,230,187700,28,0
INTP,2019-10-30,20700,20850,20250,20850,2833500,2295,-156100
IPCC,2019-10-30,940,945,765,785,14600700,2005,9972500
IPCM,2019-10-30,202,208,197,199,1083800,191,6100
IPOL,2019-10-30,97,98,97,97,7500,19,0
IPTV,2019-10-30,500,500,494,496,17991600,2667,-978300
IPTV-W,2019-10-30,97,97,92,92,3528500,0,0
IRRA,2019-10-30,650,665,645,665,17380300,5911,-552000
ISAT,2019-10-30,3180,3330,3170,3230,11663100,4012,-520100
ISSP,2019-10-30,228,230,208,210,80021900,4068,1823100
ITIC,2019-10-30,1325,1330,1305,1330,13296700,686,0
ITMA,2019-10-30,650,650,650,650,13000,6,0
ITMA-W,2019-10-30,99,99,92,92,13900,0,0
ITMG,2019-10-30,13400,13550,13350,13450,1285800,2099,53200
ITTG,2019-10-30,0,0,0,82,0,0,0
JAST,2019-10-30,1950,1965,1945,1965,4015400,1184,0
JAWA,2019-10-30,124,125,124,125,125700,4,0
JAYA,2019-10-30,88,100,88,98,498900,57,100
JAYA-W,2019-10-30,23,23,21,22,915200,0,0
JECC,2019-10-30,0,0,0,6200,0,0,0
JGLE,2019-10-30,0,0,0,50,0,0,0
JIHD,2019-10-30,620,620,610,610,400,3,0
JKON,2019-10-30,400,500,400,496,29900,19,4700
JKSW,2019-10-30,0,0,0,60,0,0,0
JMAS,2019-10-30,865,965,865,965,6930400,6,0
JPFA,2019-10-30,1785,1810,1730,1755,17954100,4295,2167600
JRPT,2019-10-30,665,665,655,665,3015100,194,-206800
JSKY,2019-10-30,496,530,480,515,95339000,4842,-661800
JSMR,2019-10-30,5700,5775,5575,5600,4289500,2398,1128964
JSPT,2019-10-30,0,0,0,900,0,0,0
JTPE,2019-10-30,960,975,960,975,833000,62,16700
KAEF,2019-10-30,2790,2810,2770,2780,2674800,107,0
KARW,2019-10-30,80,80,78,78,324800,62,0
KAYU,2019-10-30,157,169,156,161,60233400,2746,0
KBLI,2019-10-30,600,615,590,590,24466400,3653,3386700
KBLM,2019-10-30,286,294,286,286,18500,16,0
KBLV,2019-10-30,420,420,420,420,100,1,0
KBRI,2019-10-30,0,0,0,50,0,0,0
KDSI,2019-10-30,1370,1370,1370,1370,5900,6,0
KEEN,2019-10-30,630,660,625,645,9674900,2479,-2954500
KIAS,2019-10-30,80,81,80,80,1476900,108,0
KICI,2019-10-30,380,380,360,360,26100,8,-26000
KIJA,2019-10-30,318,318,314,318,5308200,1697,3071500
KINO,2019-10-30,4150,4200,4110,4200,1946600,550,-1800
KIOS,2019-10-30,304,304,302,304,5200,5,0
KJEN,2019-10-30,2030,2040,2020,2030,141100,83,0
KKGI,2019-10-30,234,250,226,242,1059700,229,-642100
KLBF,2019-10-30,1650,1650,1640,1645,30054100,1891,4196300
KMTR,2019-10-30,310,310,298,308,38900,30,-1800
KOBX,2019-10-30,142,146,137,143,1025200,282,0
KOIN,2019-10-30,165,165,165,165,100,1,0
KONI,2019-10-30,605,660,605,630,500,5,0
KOPI,2019-10-30,635,640,635,635,53700,83,0
KOTA,2019-10-30,685,695,680,690,8402600,416,0
KOTA-W,2019-10-30,93,98,91,92,8644400,0,0
KPAL,2019-10-30,500,575,494,520,10013600,1539,14700
KPAS,2019-10-30,90,100,90,96,2112200,300,-37200
KPAS-W,2019-10-30,28,33,28,29,29300,0,0
KPIG,2019-10-30,143,143,137,138,46781300,3922,-615600
KRAH,2019-10-30,0,0,0,845,0,0,0
KRAS,2019-10-30,336,342,336,338,1680100,215,-241900
KREN,2019-10-30,510,525,500,510,97658300,2235,-1020500
LAND,2019-10-30,1100,1175,975,1175,39300,110,0
LAPD,2019-10-30,0,0,0,50,0,0,0
LCGP,2019-10-30,0,0,0,114,0,0,0
LCKM,2019-10-30,326,326,326,326,5000,1,0
LEAD,2019-10-30,50,50,50,50,7800,11,0
LIFE,2019-10-30,5500,5500,5325,5325,12100,13,0
LINK,2019-10-30,4280,4340,4250,4340,88100,196,56500
LION,2019-10-30,520,520,520,520,100,1,0
LMAS,2019-10-30,53,54,52,54,1169100,65,0
LMPI,2019-10-30,141,141,126,127,261200,65,0
LMSH,2019-10-30,0,0,0,480,0,0,0
LPCK,2019-10-30,1355,1375,1325,1350,937700,510,-169500
LPGI,2019-10-30,0,0,0,3500,0,0,0
LPIN,2019-10-30,264,274,264,274,300,2,0
LPKR,2019-10-30,234,238,230,236,128768000,2226,6846400
LPLI,2019-10-30,118,120,115,115,148500,15,0
LPPF,2019-10-30,3730,3780,3670,3700,11238700,3501,2023800
LPPS,2019-10-30,0,0,0,93,0,0,0
LRNA,2019-10-30,141,141,141,141,200,1,0
LSIP,2019-10-30,1345,1360,1330,1335,10002500,1416,2952100
LTLS,2019-10-30,675,675,665,670,399600,41,22100
LUCK,2019-10-30,1210,1425,1210,1425,238400,79,25100
MABA,2019-10-30,50,50,50,50,31900,7,0
MAGP,2019-10-30,0,0,0,50,0,0,0
MAIN,2019-10-30,1100,1115,1045,1055,4956500,1141,-299000
MAMI,2019-10-30,254,256,226,246,191199600,22589,2901800
MAMIP,2019-10-30,0,0,0,600,0,0,0
MAMI-W,2019-10-30,55,56,50,53,4705100,0,0
MAPA,2019-10-30,5375,5400,5300,5350,9400,16,-500
MAPB,2019-10-30,1730,1730,1730,1730,88800,4,0
MAPI,2019-10-30,1130,1140,1110,1120,5389900,1182,345500
MARI,2019-10-30,220,222,218,218,2583100,191,0
MARK,2019-10-30,472,476,472,476,1833100,354,0
MASA,2019-10-30,510,510,500,500,45500,6,0
MAYA,2019-10-30,0,0,0,8100,0,0,0
MBAP,2019-10-30,1950,2000,1940,1950,4500,15,3700
MBSS,2019-10-30,545,550,525,535,614600,122,0
MBTO,2019-10-30,113,113,108,112,30000,27,4900
MCAS,2019-10-30,3200,3210,3130,3200,1182000,221,-4200
MCOR,2019-10-30,140,145,140,141,1216300,126,0
MDIA,2019-10-30,91,91,89,89,548000,49,0
MDKA,2019-10-30,1210,1220,1165,1210,64403200,3508,28095300
MDKI,2019-10-30,206,208,200,206,548300,34,0
MDLN,2019-10-30,228,230,222,228,3951800,261,985000
MDRN,2019-10-30,0,0,0,50,0,0,0
MEDC,2019-10-30,680,680,660,660,10119100,1256,-209400
MEGA,2019-10-30,5425,5700,5425,5700,500,4,0
MERK,2019-10-30,2940,3080,2840,3080,96400,255,0
META,2019-10-30,191,191,190,191,141800,12,0
MFIN,2019-10-30,1250,1325,1250,1325,330800,16,3200
MFMI,2019-10-30,0,0,0,452,0,0,0
MGNA,2019-10-30,0,0,0,50,0,0,0
MGRO,2019-10-30,910,915,895,910,3306600,895,33100
MICE,2019-10-30,350,350,350,350,28600,3,0
MIDI,2019-10-30,1100,1100,1100,1100,4500,1,4500
MIKA,2019-10-30,2640,2670,2610,2640,17929000,2376,3979100
MINA,2019-10-30,1430,1430,1385,1405,2839600,23,500
MIRA,2019-10-30,0,0,0,50,0,0,0
MITI,2019-10-30,0,0,0,51,0,0,0
MKNT,2019-10-30,52,52,50,51,44583700,7669,0
MKPI,2019-10-30,0,0,0,13500,0,0,1110400
MLBI,2019-10-30,17200,17200,17000,17000,42000,30,0
MLIA,2019-10-30,1310,1310,1305,1305,5344500,1201,-242400
MLPL,2019-10-30,88,88,86,86,2625400,183,1900
MLPT,2019-10-30,0,0,0,700,0,0,0
MMLP,2019-10-30,328,330,328,330,21500,10,9300
MNCN,2019-10-30,1275,1300,1270,1285,21210200,10818,-3546100
MOLI,2019-10-30,770,800,770,800,15100,2,0
MPMX,2019-10-30,700,705,695,695,849300,202,70000
MPOW,2019-10-30,154,155,146,146,239000,61,0
MPPA,2019-10-30,174,175,171,172,1738800,220,-340000
MPRO,2019-10-30,1465,1830,1465,1830,708500,409,-5700
MRAT,2019-10-30,160,165,160,165,11600,12,0
MREI,2019-10-30,4170,4170,4140,4140,22500,9,0
MSIN,2019-10-30,468,480,464,472,15288900,1054,3074500
MSKY,2019-10-30,0,0,0,970,0,0,0
MTDL,2019-10-30,1645,1665,1635,1645,5321400,1147,297100
MTFN,2019-10-30,50,50,50,50,200,2,0
MTLA,2019-10-30,0,0,0,476,0,0,0
MTPS,2019-10-30,1225,1235,1210,1210,635600,106,-1100
MTPS-W,2019-10-30,850,850,850,850,100,0,0
MTRA,2019-10-30,332,332,332,332,56000,7,0
MTSM,2019-10-30,224,224,224,224,100,1,0
MTWI,2019-10-30,72,78,72,76,1628200,144,0
MYOH,2019-10-30,1210,1245,1180,1245,1124100,134,190900
MYOR,2019-10-30,2190,2200,2160,2160,3061500,1494,505600
MYRX,2019-10-30,91,94,91,93,518135900,558,697500
MYRXP,2019-10-30,0,0,0,50,0,0,0
MYTX,2019-10-30,63,63,60,60,10700,10,0
NASA,2019-10-30,770,785,770,780,5015800,639,-98100
NATO,2019-10-30,905,905,885,885,12056500,1101,311400
NATO-W,2019-10-30,605,605,605,605,100,0,0
NELY,2019-10-30,149,149,149,149,7700,2,0
NFCX,2019-10-30,3440,3440,3410,3440,735900,125,77700
NICK,2019-10-30,320,320,272,272,600,4,0
NIKL,2019-10-30,1030,1030,995,1010,149000,111,600
NIPS,2019-10-30,0,0,0,282,0,0,0
NIRO,2019-10-30,145,145,140,140,732600,19,0
NISP,2019-10-30,850,850,845,850,36800,34,0
NOBU,2019-10-30,940,940,875,875,7000,10,0
NRCA,2019-10-30,378,378,376,376,57300,16,0
NUSA,2019-10-30,91,93,89,92,219960400,562,-2888900
NUSA-W,2019-10-30,11,12,10,10,4021000,0,0
NZIA,2019-10-30,1200,1235,1185,1185,5004000,1383,-7500
NZIA-W,2019-10-30,360,400,346,348,11763800,0,0
OASA,2019-10-30,0,0,0,340,0,0,0
OCAP,2019-10-30,270,270,256,256,400,3,0
OKAS,2019-10-30,180,184,170,175,131900,104,0
OMRE,2019-10-30,0,0,0,1255,0,0,0
OPMS,2019-10-30,200,200,150,150,151997500,11530,-49800
PADI,2019-10-30,715,735,700,715,33974900,135,0
PALM,2019-10-30,246,248,242,248,5000,9,0
PAMG,2019-10-30,140,168,139,153,14580400,1714,62500
PANI,2019-10-30,99,99,98,99,125200,11,0
PANR,2019-10-30,348,348,346,348,1187300,230,0
PANS,2019-10-30,1575,1580,1560,1570,52800,33,0
PBID,2019-10-30,1005,1025,1000,1020,19600,15,400
PBRX,2019-10-30,745,750,745,750,6100,5,3500
PBSA,2019-10-30,294,294,294,294,300,3,0
PCAR,2019-10-30,2180,2180,2080,2160,9000,22,4100
PDES,2019-10-30,900,900,830,885,800,4,0
PEGE,2019-10-30,212,220,210,210,2425100,12,0
PEHA,2019-10-30,1250,1260,1225,1245,32700,39,0
PGAS,2019-10-30,2360,2460,2360,2440,129324400,9585,-70521600
PGLI,2019-10-30,128,132,128,128,103100,24,0
PICO,2019-10-30,3730,3740,3700,3730,1616400,279,0
PJAA,2019-10-30,1080,1080,1080,1080,700,4,100
PKPK,2019-10-30,78,85,78,82,1757600,116,0
PLAS,2019-10-30,0,0,0,50,0,0,0
PLIN,2019-10-30,3400,3400,3400,3400,200,1,200
PNBN,2019-10-30,1255,1320,1255,1315,4053000,954,1089800
PNBS,2019-10-30,50,50,50,50,149300,40,0
PNIN,2019-10-30,1210,1210,1185,1190,48000,37,0
PNLF,2019-10-30,280,288,276,286,83140900,1671,14440500
PNSE,2019-10-30,0,0,0,580,0,0,0
POLA,2019-10-30,985,985,980,980,1800,5,0
POLA-W,2019-10-30,0,0,0,800,0,0,0
POLI,2019-10-30,2050,2100,2000,2010,126600,67,0
POLL,2019-10-30,7925,7950,7900,7925,391900,1048,-13600
POLU,2019-10-30,2350,2350,2350,2350,100,1,0
POLY,2019-10-30,63,65,63,65,647100,67,0
POOL,2019-10-30,1805,1835,1765,1790,137933500,1026,-6927900
PORT,2019-10-30,545,545,545,545,300,1,0
POSA,2019-10-30,88,88,81,81,29231600,1177,50000
POSA-W,2019-10-30,7,7,6,7,24141400,0,0
POWR,2019-10-30,1070,1100,1060,1080,1202400,107,405400
PPRE,2019-10-30,302,306,290,300,5357400,856,250400
PPRO,2019-10-30,101,103,100,100,23660200,841,-827700
PRAS,2019-10-30,0,0,0,155,0,0,0
PRDA,2019-10-30,4690,4750,4600,4700,42600,74,29500
PRIM,2019-10-30,314,316,290,296,40000,25,27400
PSAB,2019-10-30,298,302,290,300,63392900,3476,-1526800
PSDN,2019-10-30,162,162,142,142,13300,5,0
PSKT,2019-10-30,0,0,0,50,0,0,0
PSSI,2019-10-30,175,177,175,176,209500,18,0
PTBA,2019-10-30,2360,2380,2340,2340,8763900,2625,430743
PTIS,2019-10-30,0,0,0,260,0,0,0
PTPP,2019-10-30,1840,1850,1805,1835,7359400,1897,2900
PTRO,2019-10-30,1400,1415,1380,1405,911200,230,0
PTSN,2019-10-30,406,428,386,394,3011900,802,-124500
PTSP,2019-10-30,0,0,0,4860,0,0,0
PUDP,2019-10-30,0,0,0,360,0,0,0
PURE,2019-10-30,865,940,850,935,105669800,6131,-44400
PURE-W,2019-10-30,555,600,545,590,14239400,0,0
PWON,2019-10-30,630,650,620,630,65280000,6069,9679500
PYFA,2019-10-30,190,190,190,190,7500,5,0
PZZA,2019-10-30,1095,1115,1095,1095,139400,56,42700
R-ABFII,2019-10-30,0,0,0,28600,0,0,0
RAJA,2019-10-30,244,248,242,244,868600,172,-5000
RALS,2019-10-30,1195,1200,1170,1170,2590800,952,82400
RANC,2019-10-30,360,360,358,358,2400,2,0
RBMS,2019-10-30,108,109,99,100,18298000,8824,190900
RDTX,2019-10-30,5950,5950,5950,5950,200,1,0
RELI,2019-10-30,0,0,0,151,0,0,0
RICY,2019-10-30,165,167,149,151,76600,17,0
RIGS,2019-10-30,258,258,258,258,154300,21,0
RIMO,2019-10-30,131,131,125,125,707988600,758,-3648100
RISE,2019-10-30,650,650,640,640,1314800,149,27400
RMBA,2019-10-30,342,358,342,358,3000,5,0
RODA,2019-10-30,206,206,200,206,15954600,14,0
ROTI,2019-10-30,1280,1340,1280,1315,147600,207,-9700
RUIS,2019-10-30,242,246,242,246,500,2,0
SAFE,2019-10-30,198,200,191,200,410700,64,0
SAME,2019-10-30,314,328,286,300,1374100,352,-245000
SAPX,2019-10-30,0,0,0,820,0,0,0
SATU,2019-10-30,107,109,105,105,282900,27,0
SCBD,2019-10-30,0,0,0,2700,0,0,0
SCCO,2019-10-30,9075,9100,9075,9100,5200,3,0
SCMA,2019-10-30,1275,1315,1260,1265,10938000,2386,2960300
SCPI,2019-10-30,0,0,0,29000,0,0,0
SDMU,2019-10-30,50,53,50,51,1177400,188,0
SDPC,2019-10-30,0,0,0,99,0,0,0
SDRA,2019-10-30,840,840,840,840,100,1,0
SFAN,2019-10-30,1010,1015,1010,1015,600,4,0
SFAN-W,2019-10-30,0,0,0,590,0,0,0
SGRO,2019-10-30,2270,2300,2160,2260,103400,40,-10800
SHID,2019-10-30,3150,3200,3150,3150,3000,8,0
SHIP,2019-10-30,810,815,810,810,1017400,105,0
SIDO,2019-10-30,1230,1235,1220,1235,3611600,1424,-1592700
SILO,2019-10-30,7150,7250,7125,7175,1428800,808,-559000
SIMA,2019-10-30,65,66,63,64,3596000,287,0
SIMP,2019-10-30,360,366,358,362,23824600,4196,7912600
SIPD,2019-10-30,0,0,0,1090,0,0,0
SKBM,2019-10-30,402,402,402,402,10500,1,0
SKLT,2019-10-30,0,0,0,1610,0,0,0
SKRN,2019-10-30,565,575,560,570,389600,62,-35000
SKYB,2019-10-30,65,72,65,71,605500,136,0
SLIS,2019-10-30,0,0,0,1530,0,0,0
SMAR,2019-10-30,3850,3850,3800,3820,25700,23,0
SMBR,2019-10-30,640,640,620,620,4694400,647,156200
SMCB,2019-10-30,1360,1475,1360,1385,240200,357,0
SMDM,2019-10-30,125,128,122,128,10600,7,0
SMDR,2019-10-30,274,274,270,274,208400,46,-100
SMGR,2019-10-30,13200,13450,13125,13325,10017000,3064,7931100
SMKL,2019-10-30,222,230,220,228,92500,63,0
SMKL-W,2019-10-30,29,30,28,28,1177900,0,0
SMMA,2019-10-30,12000,12000,12000,12000,1200,1,0
SMMT,2019-10-30,119,119,116,119,525400,10,500000
SMRA,2019-10-30,1205,1220,1145,1180,6042700,1710,1703400
SMRU,2019-10-30,50,50,50,50,5000,10,0
SMSM,2019-10-30,1500,1500,1485,1490,1379700,798,-381500
SOCI,2019-10-30,197,198,192,193,10895600,1120,296200
SONA,2019-10-30,0,0,0,7000,0,0,0
SOSS,2019-10-30,350,360,330,360,7600,7,0
SOSS-W,2019-10-30,0,0,0,54,0,0,0
SOTS,2019-10-30,260,272,250,272,200400,27,0
SOTS-W,2019-10-30,76,79,70,77,12200,0,0
SPMA,2019-10-30,340,350,336,346,94000,17,0
SPTO,2019-10-30,995,995,985,985,4329700,271,-845100
SQMI,2019-10-30,328,346,326,326,15623600,1008,1830000
SRAJ,2019-10-30,268,268,266,266,5900,4,0
SRIL,2019-10-30,294,294,288,288,17648200,1267,4559000
SRSN,2019-10-30,70,70,68,70,2094300,134,0
SRTG,2019-10-30,3550,3570,3550,3560,90200,31,74800
SSIA,2019-10-30,795,800,785,785,15071000,868,138700
SSMS,2019-10-30,860,865,840,845,71972700,533,2409200
SSTM,2019-10-30,0,0,0,498,0,0,0
STAR,2019-10-30,99,99,97,99,100500,4,0
STTP,2019-10-30,0,0,0,4200,0,0,0
SUGI,2019-10-30,0,0,0,50,0,0,0
SULI,2019-10-30,50,51,50,50,2232300,21,0
SUPR,2019-10-30,0,0,0,3170,0,0,0
SURE,2019-10-30,3010,3010,3010,3010,200,1,0
SWAT,2019-10-30,111,115,110,111,8949000,3416,29700
TALF,2019-10-30,346,346,298,336,12900,21,0
TAMU,2019-10-30,515,515,480,482,15931400,1659,3087800
TARA,2019-10-30,730,730,725,730,59386700,1814,150500
TAXI,2019-10-30,50,50,50,50,5200,3,0
TBIG,2019-10-30,6400,6425,6275,6400,5733400,1127,-782600
TBLA,2019-10-30,945,960,940,945,2043400,382,599900
TBMS,2019-10-30,820,820,790,790,54400,9,0
TCID,2019-10-30,11900,11900,11650,11650,600,4,0
TCPI,2019-10-30,5675,5700,5350,5700,9057600,11806,161900
TDPM,2019-10-30,290,292,282,282,14755600,346,0
TELE,2019-10-30,346,358,344,354,84856800,5225,10000
TFAS,2019-10-30,210,222,208,220,5544900,372,105000
TFCO,2019-10-30,0,0,0,500,0,0,0
TGKA,2019-10-30,4500,4500,4500,4500,100,1,0
TGRA,2019-10-30,880,880,865,875,74894000,95,303800
TIFA,2019-10-30,0,0,0,179,0,0,0
TINS,2019-10-30,920,925,915,915,9243500,1430,288200
TIRA,2019-10-30,252,252,252,252,400,4,0
TIRT,2019-10-30,66,66,63,65,162500,36,0
TKIM,2019-10-30,10975,10975,10625,10675,557000,1260,110000
TLKM,2019-10-30,4290,4350,4210,4270,89575600,9636,-2859100
TMAS,2019-10-30,119,121,118,118,10600000,353,0
TMPI,2019-10-30,0,0,0,50,0,0,0
TMPO,2019-10-30,165,165,148,150,3400,13,0
TNCA,2019-10-30,330,330,286,300,18100,30,0
TOBA,2019-10-30,370,370,370,370,20100,2,0
TOPS,2019-10-30,580,580,570,580,4444400,130,-354300
TOTL,2019-10-30,454,454,436,440,2470600,482,0
TOTO,2019-10-30,310,310,304,304,39200,30,0
TOWR,2019-10-30,660,660,650,660,16758100,824,7302500
TPIA,2019-10-30,9275,9350,9200,9300,4051100,2793,25000
TPMA,2019-10-30,0,0,0,290,0,0,0
TRAM,2019-10-30,108,111,108,108,1147307700,1691,-542900
TRIL,2019-10-30,0,0,0,50,0,0,0
TRIM,2019-10-30,150,150,140,140,129800,12,0
TRIO,2019-10-30,0,0,0,426,0,0,0
TRIS,2019-10-30,272,274,260,272,78800,23,0
TRST,2019-10-30,0,0,0,380,0,0,0
TRUK,2019-10-30,113,115,113,114,420600,49,0
TRUS,2019-10-30,360,360,334,334,500,5,0
TSPC,2019-10-30,1465,1465,1445,1445,242300,103,0
TUGU,2019-10-30,3450,3460,3450,3460,1200,2,-1000
TURI,2019-10-30,985,985,985,985,98100,3,97600
ULTJ,2019-10-30,1540,1540,1525,1540,67100,95,0
UNIC,2019-10-30,3900,3900,3870,3870,200,2,0
UNIT,2019-10-30,177,180,177,180,2100,2,0
UNSP,2019-10-30,99,100,97,97,461500,62,0
UNTR,2019-10-30,21350,21725,21175,21700,3288600,4580,899100
UNVR,2019-10-30,44250,44250,43100,43600,2015100,3322,152300
URBN,2019-10-30,2130,2130,2120,2130,5400,5,0
URBN-W,2019-10-30,58,60,58,59,53500,0,0
VICO,2019-10-30,0,0,0,114,0,0,0
VINS,2019-10-30,116,116,114,114,26400,8,0
VIVA,2019-10-30,85,86,83,84,5195800,407,0
VOKS,2019-10-30,320,324,312,314,3696100,748,-1000
VRNA,2019-10-30,0,0,0,111,0,0,0
WAPO,2019-10-30,85,88,83,87,11300,14,0
WEGE,2019-10-30,320,330,320,322,30538600,1372,3536300
WEHA,2019-10-30,149,150,149,149,2127300,192,0
WICO,2019-10-30,0,0,0,520,0,0,0
WIIM,2019-10-30,187,187,184,186,869000,131,-25500
WIKA,2019-10-30,2120,2170,2100,2100,12882200,3630,720500
WINS,2019-10-30,139,139,127,129,351400,16,0
WOMF,2019-10-30,262,268,254,260,200800,74,0
WOOD,2019-10-30,785,790,765,780,6146800,577,275600
WSBP,2019-10-30,340,346,340,342,8601300,823,131600
WSKT,2019-10-30,1620,1645,1615,1620,10197900,1910,1171400
WTON,2019-10-30,480,482,476,478,13108200,1445,-334800
XAFA,2019-10-30,0,0,0,1028,0,0,0
XAQA,2019-10-30,0,0,0,953,0,0,0
XASG,2019-10-30,101,102,101,101,11700,0,0
XBID,2019-10-30,0,0,0,530,0,0,0
XBIN,2019-10-30,0,0,0,518,0,0,0
XBSK,2019-10-30,0,0,0,392,0,0,0
XCIS,2019-10-30,106,106,106,106,1500,0,0
XIHD,2019-10-30,503,503,501,501,2200,0,0
XIPI,2019-10-30,0,0,0,174,0,0,0
XMIG,2019-10-30,0,0,0,168,0,0,0
XMJM,2019-10-30,0,0,0,1000,0,0,0
XMTS,2019-10-30,0,0,0,494,0,0,0
XPCR,2019-10-30,0,0,0,953,0,0,0
XPFT,2019-10-30,0,0,0,548,0,0,0
XPMI,2019-10-30,973,973,973,973,400,0,0
XPTD,2019-10-30,0,0,0,534,0,0,0
XSBC,2019-10-30,0,0,0,110,0,0,0
XSPI,2019-10-30,0,0,0,750,0,0,0
XSSI,2019-10-30,0,0,0,99,0,0,0
YELO,2019-10-30,119,122,115,116,6302900,985,-1000000
YELO-W,2019-10-30,27,27,24,24,1901900,0,0
YPAS,2019-10-30,0,0,0,444,0,0,0
YULE,2019-10-30,144,160,144,160,180200,15,0
ZBRA,2019-10-30,0,0,0,50,0,0,0
ZINC,2019-10-30,428,436,424,432,58107600,3007,1124600
ZONE,2019-10-30,450,454,450,450,105400,24,0
